FLAM
1.10065e+04 2.33160e-01
1.10166e+04 3.56712e-01
1.10268e+04 3.07871e-01
1.10370e+04 1.22213e-01
1.10471e+04 1.94367e-01
1.10572e+04 1.75310e-01
1.10674e+04 2.36796e-01
1.10776e+04 2.80873e-01
1.10877e+04 3.93698e-01
1.10979e+04 1.89433e-01
1.11080e+04 4.41141e-01
1.11181e+04 3.34139e-01
1.11283e+04 2.90052e-01
1.11384e+04 4.12905e-01
1.11486e+04 2.72054e-01
1.11588e+04 2.75869e-01
1.11689e+04 1.17479e-01
1.11790e+04 2.06772e-01
1.11892e+04 3.15541e-01
1.11993e+04 4.09738e-01
1.12095e+04 2.55633e-01
1.12197e+04 2.95206e-01
1.12298e+04 3.75999e-01
1.12400e+04 3.16071e-01
1.12501e+04 2.35388e-01
1.12602e+04 3.24151e-01
1.12704e+04 3.32691e-01
1.12806e+04 1.84758e-01
1.12907e+04 2.71514e-01
1.13009e+04 3.04275e-01
1.13110e+04 2.73861e-01
1.13211e+04 2.53406e-01
1.13313e+04 2.97893e-01
1.13414e+04 9.76988e-02
1.13516e+04 3.75969e-01
1.13618e+04 3.48282e-01
1.13719e+04 2.69087e-01
1.13820e+04 2.38084e-01
1.13922e+04 2.38594e-01
1.14024e+04 3.38833e-01
1.14125e+04 3.85717e-01
1.14227e+04 2.55653e-01
1.14328e+04 2.77897e-01
1.14430e+04 2.84019e-01
1.14531e+04 2.16500e-01
1.14632e+04 2.11596e-01
1.14734e+04 2.76458e-01
1.14835e+04 3.05973e-01
1.14937e+04 3.67229e-01
1.15039e+04 3.55274e-01
1.15140e+04 3.68088e-01
1.15241e+04 2.58919e-01
1.15343e+04 2.38024e-01
1.15444e+04 2.56432e-01
1.15546e+04 3.29515e-01
1.15648e+04 2.44916e-01
1.15749e+04 3.26608e-01
1.15850e+04 2.93098e-01
1.15952e+04 1.84658e-01
1.16054e+04 2.88224e-01
1.16155e+04 3.18178e-01
1.16257e+04 4.24561e-01
1.16358e+04 3.74291e-01
1.16460e+04 2.49321e-01
1.16561e+04 2.45575e-01
1.16662e+04 2.95316e-01
1.16764e+04 3.01418e-01
1.16865e+04 2.87875e-01
1.16967e+04 2.63274e-01
1.17069e+04 2.83929e-01
1.17170e+04 3.21324e-01
1.17271e+04 2.34189e-01
1.17373e+04 3.63484e-01
1.17474e+04 3.69596e-01
1.17576e+04 2.56882e-01
1.17677e+04 2.93428e-01
1.17779e+04 2.25959e-01
1.17881e+04 2.84269e-01
1.17982e+04 3.13893e-01
1.18084e+04 2.86266e-01
1.18185e+04 2.43478e-01
1.18287e+04 2.82002e-01
1.18388e+04 3.07391e-01
1.18490e+04 2.71095e-01
1.18591e+04 2.27917e-01
1.18692e+04 3.17799e-01
1.18794e+04 2.54215e-01
1.18895e+04 2.50439e-01
1.18997e+04 2.88514e-01
1.19099e+04 2.65451e-01
1.19200e+04 2.64203e-01
1.19301e+04 3.35597e-01
1.19403e+04 2.45366e-01
1.19504e+04 3.00380e-01
1.19606e+04 3.18757e-01
1.19707e+04 2.66041e-01
1.19809e+04 3.62585e-01
1.19911e+04 2.66670e-01
1.20012e+04 1.98791e-01
1.20114e+04 1.99141e-01
1.20215e+04 3.53865e-01
1.20316e+04 3.22203e-01
1.20418e+04 2.89123e-01
1.20520e+04 3.24640e-01
1.20621e+04 3.00719e-01
1.20722e+04 2.44986e-01
1.20824e+04 2.91071e-01
1.20925e+04 2.83060e-01
1.21027e+04 2.95595e-01
1.21128e+04 2.73612e-01
1.21230e+04 2.99830e-01
1.21331e+04 3.32551e-01
1.21433e+04 3.41250e-01
1.21534e+04 4.08210e-01
1.21636e+04 3.24291e-01
1.21738e+04 2.80124e-01
1.21839e+04 3.69207e-01
1.21941e+04 3.18777e-01
1.22042e+04 3.03146e-01
1.22144e+04 3.43138e-01
1.22245e+04 2.79515e-01
1.22346e+04 3.76189e-01
1.22448e+04 3.50330e-01
1.22550e+04 3.89842e-01
1.22651e+04 3.35258e-01
1.22752e+04 3.82231e-01
1.22854e+04 2.68298e-01
1.22955e+04 3.61636e-01
1.23057e+04 2.54594e-01
1.23158e+04 3.00929e-01
1.23260e+04 3.13424e-01
1.23361e+04 3.08150e-01
1.23463e+04 3.25799e-01
1.23565e+04 2.62485e-01
1.23666e+04 3.50899e-01
1.23768e+04 3.76498e-01
1.23869e+04 3.37056e-01
1.23971e+04 3.08620e-01
1.24072e+04 3.39583e-01
1.24174e+04 2.85228e-01
1.24275e+04 2.89043e-01
1.24376e+04 2.68278e-01
1.24478e+04 2.89303e-01
1.24580e+04 3.28845e-01
1.24681e+04 2.37695e-01
1.24782e+04 3.09778e-01
1.24884e+04 3.76818e-01
1.24985e+04 3.45226e-01
1.25087e+04 2.69646e-01
1.25188e+04 2.91790e-01
1.25290e+04 2.84269e-01
1.25391e+04 3.43807e-01
1.25493e+04 3.66370e-01
1.25595e+04 3.50749e-01
1.25696e+04 3.27367e-01
1.25798e+04 3.77487e-01
1.25899e+04 3.57541e-01
1.26001e+04 3.71704e-01
1.26102e+04 3.62265e-01
1.26204e+04 3.03106e-01
1.26305e+04 4.34688e-01
1.26406e+04 3.60557e-01
1.26508e+04 3.74151e-01
1.26609e+04 4.67219e-01
1.26711e+04 3.01358e-01
1.26812e+04 3.20895e-01
1.26914e+04 3.39103e-01
1.27015e+04 2.65152e-01
1.27117e+04 4.00769e-01
1.27218e+04 3.63574e-01
1.27320e+04 2.59579e-01
1.27422e+04 2.89912e-01
1.27523e+04 2.77757e-01
1.27625e+04 3.99780e-01
1.27726e+04 3.06442e-01
1.27828e+04 3.11896e-01
1.27929e+04 3.55264e-01
1.28031e+04 3.35018e-01
1.28132e+04 4.36966e-01
1.28234e+04 4.54185e-01
1.28335e+04 3.54894e-01
1.28436e+04 4.47583e-01
1.28538e+04 4.29235e-01
1.28639e+04 3.93408e-01
1.28741e+04 3.80294e-01
1.28842e+04 4.13064e-01
1.28944e+04 3.70186e-01
1.29045e+04 3.14792e-01
1.29147e+04 4.00419e-01
1.29249e+04 4.99970e-01
1.29350e+04 4.03666e-01
1.29452e+04 3.44866e-01
1.29553e+04 3.82201e-01
1.29655e+04 4.02577e-01
1.29756e+04 4.10457e-01
1.29858e+04 4.06472e-01
1.29959e+04 4.28676e-01
1.30060e+04 3.94846e-01
1.30162e+04 3.80803e-01
1.30264e+04 3.86177e-01
1.30365e+04 4.13144e-01
1.30466e+04 4.02787e-01
1.30568e+04 4.20455e-01
1.30669e+04 4.15781e-01
1.30771e+04 3.90022e-01
1.30872e+04 3.30034e-01
1.30974e+04 4.14353e-01
1.31075e+04 4.28476e-01
1.31177e+04 4.55703e-01
1.31279e+04 4.82161e-01
1.31380e+04 3.34269e-01
1.31482e+04 3.33580e-01
1.31583e+04 4.35987e-01
1.31685e+04 4.26968e-01
1.31786e+04 4.32541e-01
1.31888e+04 4.43458e-01
1.31989e+04 4.14203e-01
1.32090e+04 3.88554e-01
1.32192e+04 4.07411e-01
1.32294e+04 4.12275e-01
1.32395e+04 3.67149e-01
1.32496e+04 4.08410e-01
1.32598e+04 3.00330e-01
1.32699e+04 3.48242e-01
1.32801e+04 3.82771e-01
1.32902e+04 3.56013e-01
1.33004e+04 3.26888e-01
1.33106e+04 3.50070e-01
1.33207e+04 2.70236e-01
1.33309e+04 2.78066e-01
1.33410e+04 2.51478e-01
1.33511e+04 2.35777e-01
1.33613e+04 3.35667e-01
1.33715e+04 2.51648e-01
1.33816e+04 2.78915e-01
1.33918e+04 2.88354e-01
1.34019e+04 2.49351e-01
1.34120e+04 2.62405e-01
1.34222e+04 2.40531e-01
1.34324e+04 2.33170e-01
1.34425e+04 2.15691e-01
1.34526e+04 2.84359e-01
1.34628e+04 2.60737e-01
1.34729e+04 2.13354e-01
1.34831e+04 1.93568e-01
1.34933e+04 2.18568e-01
1.45150e+04 6.66310e-02
1.45200e+04 7.15671e-01
1.45250e+04 6.04325e-01
1.45300e+04 4.82990e-01
1.45350e+04 4.19816e-01
1.45400e+04 5.05164e-01
1.45450e+04 5.04664e-01
1.45500e+04 4.54365e-01
1.45550e+04 5.11376e-01
1.45600e+04 5.11926e-01
1.45650e+04 4.69427e-01
1.45700e+04 4.57201e-01
1.45750e+04 4.84179e-01
1.45800e+04 5.03746e-01
1.45850e+04 5.65851e-01
1.45900e+04 5.34449e-01
1.45950e+04 5.17889e-01
1.46000e+04 5.43148e-01
1.46050e+04 4.46914e-01
1.46100e+04 2.87705e-01
1.46150e+04 4.75030e-01
1.46200e+04 5.47024e-01
1.46250e+04 5.34079e-01
1.46300e+04 4.74021e-01
1.46350e+04 4.50799e-01
1.46400e+04 5.05164e-01
1.46450e+04 5.17769e-01
1.46500e+04 5.56892e-01
1.46550e+04 4.76378e-01
1.46600e+04 4.50240e-01
1.46650e+04 5.79155e-01
1.46700e+04 5.13943e-01
1.46750e+04 4.07281e-01
1.46800e+04 4.26828e-01
1.46850e+04 4.37575e-01
1.46900e+04 4.63004e-01
1.46950e+04 4.81772e-01
1.47000e+04 4.75030e-01
1.47050e+04 4.27137e-01
1.47100e+04 4.94067e-01
1.47150e+04 5.24690e-01
1.47200e+04 4.65541e-01
1.47250e+04 4.53416e-01
1.47300e+04 4.88933e-01
1.47350e+04 4.62215e-01
1.47400e+04 4.69407e-01
1.47450e+04 4.85008e-01
1.47500e+04 5.18318e-01
1.47550e+04 4.90671e-01
1.47600e+04 4.22952e-01
1.47650e+04 4.69766e-01
1.47700e+04 4.83560e-01
1.47750e+04 5.09868e-01
1.47800e+04 4.26089e-01
1.47850e+04 5.26418e-01
1.47900e+04 5.10927e-01
1.47950e+04 4.99071e-01
1.48000e+04 3.63644e-01
1.48050e+04 4.58630e-01
1.48100e+04 5.02467e-01
1.48150e+04 4.84688e-01
1.48200e+04 5.53845e-01
1.48250e+04 4.97563e-01
1.48300e+04 5.10577e-01
1.48350e+04 4.94636e-01
1.48400e+04 5.99171e-01
1.48450e+04 5.79545e-01
1.48500e+04 5.64073e-01
1.48550e+04 5.24630e-01
1.48600e+04 5.24191e-01
1.48650e+04 5.49161e-01
1.48700e+04 5.34479e-01
1.48750e+04 5.86167e-01
1.48800e+04 5.93418e-01
1.48850e+04 5.68997e-01
1.48900e+04 5.01318e-01
1.48950e+04 6.08879e-01
1.49000e+04 5.26418e-01
1.49050e+04 5.10338e-01
1.49100e+04 5.06432e-01
1.49150e+04 4.96974e-01
1.49200e+04 5.36836e-01
1.49250e+04 5.72643e-01
1.49300e+04 4.50729e-01
1.49350e+04 4.02387e-01
1.49400e+04 4.88034e-01
1.49450e+04 5.56233e-01
1.49500e+04 5.41071e-01
1.49550e+04 5.00739e-01
1.49600e+04 5.14882e-01
1.49650e+04 5.04355e-01
1.49700e+04 5.36756e-01
1.49750e+04 5.72982e-01
1.49800e+04 5.74281e-01
1.49850e+04 6.12695e-01
1.49900e+04 5.19756e-01
1.49950e+04 4.86456e-01
1.50000e+04 5.74590e-01
1.50050e+04 5.66181e-01
1.50100e+04 5.27797e-01
1.50150e+04 5.71884e-01
1.50200e+04 4.82241e-01
1.50250e+04 5.05543e-01
1.50300e+04 5.60358e-01
1.50350e+04 5.88114e-01
1.50400e+04 5.32471e-01
1.50450e+04 5.03166e-01
1.50500e+04 5.65781e-01
1.50550e+04 7.90342e-01
1.50600e+04 4.13084e-01
1.50650e+04 3.58989e-01
1.50700e+04 5.78945e-01
1.50750e+04 5.48182e-01
1.50800e+04 4.48392e-01
1.50850e+04 5.60417e-01
1.50900e+04 5.36396e-01
1.50950e+04 5.82831e-01
1.51000e+04 6.19417e-01
1.51050e+04 6.18588e-01
1.51100e+04 5.60308e-01
1.51150e+04 5.55254e-01
1.51200e+04 5.70935e-01
1.51250e+04 5.79604e-01
1.51300e+04 6.23572e-01
1.51350e+04 5.97653e-01
1.51400e+04 5.39153e-01
1.51450e+04 5.52008e-01
1.51500e+04 5.99491e-01
1.51550e+04 6.50370e-01
1.51600e+04 6.21344e-01
1.51650e+04 5.64732e-01
1.51700e+04 5.47942e-01
1.51750e+04 5.21874e-01
1.51800e+04 5.18068e-01
1.51850e+04 5.15691e-01
1.51900e+04 4.13174e-01
1.51950e+04 5.84598e-01
1.52000e+04 5.94856e-01
1.52050e+04 6.09299e-01
1.52100e+04 6.06442e-01
1.52150e+04 5.75679e-01
1.52200e+04 5.57980e-01
1.52250e+04 5.91570e-01
1.52300e+04 5.64672e-01
1.52350e+04 6.21424e-01
1.52400e+04 5.36207e-01
1.52450e+04 4.87775e-01
1.52500e+04 5.50060e-01
1.52550e+04 6.07930e-01
1.52600e+04 6.10388e-01
1.52650e+04 6.20226e-01
1.52700e+04 5.90242e-01
1.52750e+04 5.94307e-01
1.52800e+04 5.92339e-01
1.52850e+04 5.43468e-01
1.52900e+04 5.54634e-01
1.52950e+04 6.58170e-01
1.53000e+04 5.96284e-01
1.53050e+04 6.57821e-01
1.53100e+04 6.41930e-01
1.53150e+04 6.03526e-01
1.53200e+04 6.07381e-01
1.53250e+04 5.82651e-01
1.53300e+04 6.01868e-01
1.53350e+04 4.20276e-01
1.53400e+04 4.44427e-01
1.53450e+04 5.86416e-01
1.53500e+04 6.58340e-01
1.53550e+04 6.48961e-01
1.53600e+04 6.40262e-01
1.53650e+04 5.98971e-01
1.53700e+04 6.50859e-01
1.53750e+04 5.97523e-01
1.53800e+04 5.92669e-01
1.53850e+04 6.05234e-01
1.53900e+04 6.69327e-01
1.53950e+04 6.23292e-01
1.54000e+04 5.89453e-01
1.54050e+04 5.93937e-01
1.54100e+04 6.30913e-01
1.54150e+04 6.50939e-01
1.54200e+04 6.25819e-01
1.54250e+04 6.00280e-01
1.54300e+04 6.20076e-01
1.54350e+04 5.43298e-01
1.54400e+04 5.59049e-01
1.54450e+04 6.92159e-01
1.54500e+04 6.87855e-01
1.54550e+04 6.59419e-01
1.54600e+04 6.52707e-01
1.54650e+04 7.24640e-01
1.54700e+04 6.33360e-01
1.54750e+04 6.65821e-01
1.54800e+04 6.50849e-01
1.54850e+04 6.46974e-01
1.54900e+04 6.18907e-01
1.54950e+04 5.88674e-01
1.55000e+04 5.93718e-01
1.55050e+04 5.85168e-01
1.55100e+04 6.15322e-01
1.55150e+04 6.43398e-01
1.55200e+04 6.41770e-01
1.55250e+04 6.20725e-01
1.55300e+04 6.68658e-01
1.55350e+04 6.35927e-01
1.55400e+04 6.29924e-01
1.55450e+04 5.28206e-01
1.55500e+04 5.16760e-01
1.55550e+04 5.69676e-01
1.55600e+04 7.05414e-01
1.55650e+04 6.40621e-01
1.55700e+04 6.47483e-01
1.55750e+04 6.28895e-01
1.55800e+04 6.70086e-01
1.55850e+04 5.92629e-01
1.55900e+04 6.23712e-01
1.55950e+04 6.19137e-01
1.56000e+04 5.16131e-01
1.56050e+04 5.86966e-01
1.56100e+04 5.97962e-01
1.56150e+04 6.78196e-01
1.56200e+04 6.53696e-01
1.56250e+04 6.06113e-01
1.56300e+04 6.24291e-01
1.56350e+04 5.95256e-01
1.56400e+04 6.85747e-01
1.56450e+04 6.69986e-01
1.56500e+04 6.72853e-01
1.56550e+04 6.06382e-01
1.56600e+04 5.07491e-01
1.56650e+04 5.83789e-01
1.56700e+04 6.98252e-01
1.56750e+04 6.96854e-01
1.56800e+04 6.98791e-01
1.56850e+04 7.08370e-01
1.56900e+04 6.76069e-01
1.56950e+04 6.98082e-01
1.57000e+04 6.42319e-01
1.57050e+04 6.26868e-01
1.57100e+04 5.98911e-01
1.57150e+04 6.90861e-01
1.57200e+04 7.17309e-01
1.57250e+04 7.00799e-01
1.57300e+04 6.81992e-01
1.57350e+04 6.84668e-01
1.57400e+04 6.87695e-01
1.57450e+04 7.30174e-01
1.57500e+04 7.44936e-01
1.57550e+04 7.39193e-01
1.57600e+04 7.18817e-01
1.57650e+04 6.73682e-01
1.57700e+04 6.98642e-01
1.57750e+04 7.04305e-01
1.57800e+04 7.35457e-01
1.57850e+04 7.15322e-01
1.57900e+04 6.89063e-01
1.57950e+04 7.01239e-01
1.58000e+04 8.11366e-01
1.58050e+04 6.76998e-01
1.58100e+04 7.11966e-01
1.58150e+04 6.74261e-01
1.58200e+04 6.52797e-01
1.58250e+04 6.46454e-01
1.58300e+04 6.95236e-01
1.58350e+04 7.54025e-01
1.58400e+04 5.36516e-01
1.58450e+04 7.39463e-01
1.58500e+04 6.19257e-01
1.58550e+04 5.90761e-01
1.58600e+04 7.74810e-01
1.58650e+04 6.18608e-01
1.58700e+04 7.30913e-01
1.58750e+04 7.24670e-01
1.58800e+04 6.87395e-01
1.58850e+04 7.88734e-01
1.58900e+04 7.90112e-01
1.58950e+04 7.13644e-01
1.59000e+04 6.82181e-01
1.59050e+04 7.34219e-01
1.59100e+04 7.24131e-01
1.59150e+04 7.26668e-01
1.59200e+04 7.07371e-01
1.59250e+04 6.59878e-01
1.59300e+04 7.78676e-01
1.59350e+04 7.15791e-01
1.59400e+04 7.14912e-01
1.59450e+04 7.33690e-01
1.59500e+04 7.48881e-01
1.59550e+04 7.42659e-01
1.59600e+04 6.98632e-01
1.59650e+04 7.53416e-01
1.59700e+04 7.47273e-01
1.59750e+04 5.98272e-01
1.59800e+04 6.90412e-01
1.59850e+04 8.18917e-01
1.59900e+04 7.56632e-01
1.59950e+04 7.41250e-01
1.60000e+04 6.93618e-01
1.60050e+04 7.10477e-01
1.60100e+04 7.27707e-01
1.60150e+04 7.57741e-01
1.60200e+04 7.31922e-01
1.60250e+04 6.66241e-01
1.60300e+04 8.29854e-01
1.60350e+04 6.09389e-01
1.60400e+04 7.36466e-01
1.60450e+04 8.05354e-01
1.60500e+04 8.68508e-01
1.60550e+04 7.23142e-01
1.60600e+04 7.30374e-01
1.60650e+04 7.06902e-01
1.60700e+04 7.63953e-01
1.60750e+04 6.95565e-01
1.60800e+04 6.69407e-01
1.60850e+04 7.51758e-01
1.60900e+04 6.87006e-01
1.60950e+04 7.65212e-01
1.61000e+04 7.37525e-01
1.61050e+04 7.46284e-01
1.61100e+04 7.77427e-01
1.61150e+04 7.35427e-01
1.61200e+04 7.24980e-01
1.61250e+04 6.34758e-01
1.61300e+04 8.37715e-01
1.61350e+04 7.86017e-01
1.61400e+04 7.33999e-01
1.61450e+04 7.29834e-01
1.61500e+04 7.73242e-01
1.61550e+04 7.72403e-01
1.61600e+04 7.60997e-01
1.61650e+04 7.09289e-01
1.61700e+04 7.72323e-01
1.61750e+04 7.12545e-01
1.61800e+04 8.13334e-01
1.61850e+04 7.19856e-01
1.61900e+04 7.14583e-01
1.61950e+04 6.41970e-01
1.62000e+04 7.93708e-01
1.62050e+04 8.09678e-01
1.62100e+04 7.34618e-01
1.62150e+04 7.64253e-01
1.62200e+04 7.87915e-01
1.62250e+04 8.06432e-01
1.62300e+04 7.45445e-01
1.62350e+04 8.26758e-01
1.62400e+04 7.34469e-01
1.62450e+04 7.60058e-01
1.62500e+04 7.53656e-01
1.62550e+04 7.70306e-01
1.62600e+04 7.57871e-01
1.62650e+04 7.24620e-01
1.62700e+04 7.01808e-01
1.62750e+04 7.63913e-01
1.62800e+04 8.25979e-01
1.62850e+04 7.25949e-01
1.62900e+04 7.17209e-01
1.62950e+04 7.30274e-01
1.63000e+04 7.34199e-01
1.63050e+04 7.01288e-01
1.63100e+04 7.57191e-01
1.63150e+04 6.90092e-01
1.63200e+04 6.95086e-01
1.63250e+04 7.81312e-01
1.63300e+04 8.09029e-01
1.63350e+04 7.98292e-01
1.63400e+04 8.38714e-01
1.63450e+04 8.71524e-01
1.63500e+04 8.38364e-01
1.63550e+04 8.76618e-01
1.63600e+04 7.68857e-01
1.63650e+04 8.28036e-01
1.63700e+04 8.00250e-01
1.63750e+04 8.05274e-01
1.63800e+04 7.49770e-01
1.63850e+04 7.73951e-01
1.63900e+04 7.55234e-01
1.63950e+04 8.37405e-01
1.64000e+04 8.11666e-01
1.64050e+04 7.71165e-01
1.64100e+04 7.95835e-01
1.64150e+04 8.24291e-01
1.64200e+04 8.46155e-01
1.64250e+04 8.57331e-01
1.64300e+04 8.60807e-01
1.64350e+04 8.10927e-01
1.64400e+04 7.78206e-01
1.64450e+04 5.88194e-01
1.64500e+04 7.21624e-01
1.64550e+04 8.49610e-01
1.64600e+04 8.48622e-01
1.64650e+04 8.34788e-01
1.64700e+04 8.21434e-01
1.64750e+04 7.42809e-01
1.64800e+04 7.96984e-01
1.64850e+04 7.92909e-01
1.64900e+04 8.35228e-01
1.64950e+04 8.31492e-01
1.65000e+04 7.72233e-01
1.65050e+04 6.90262e-01
1.65100e+04 8.94477e-01
1.65150e+04 8.88334e-01
1.65200e+04 8.28875e-01
1.65250e+04 7.74900e-01
1.65300e+04 8.01338e-01
1.65350e+04 8.40342e-01
1.65400e+04 8.35218e-01
1.65450e+04 8.19367e-01
1.65500e+04 8.12745e-01
1.65550e+04 7.36356e-01
1.65600e+04 8.41670e-01
1.65650e+04 9.68248e-01
1.65700e+04 8.71624e-01
1.65750e+04 8.39952e-01
1.65800e+04 8.44127e-01
1.65850e+04 8.66600e-01
1.65900e+04 8.65152e-01
1.65950e+04 8.28066e-01
1.66000e+04 8.33160e-01
1.66050e+04 8.32621e-01
1.66100e+04 7.71294e-01
1.66150e+04 7.62215e-01
1.66200e+04 8.64363e-01
1.66250e+04 9.37695e-01
1.66300e+04 8.67010e-01
1.66350e+04 8.49401e-01
1.66400e+04 8.32990e-01
1.66450e+04 9.08340e-01
1.66500e+04 8.97173e-01
1.66550e+04 8.97922e-01
1.66600e+04 8.96954e-01
1.66650e+04 8.81622e-01
1.66700e+04 8.75519e-01
1.66750e+04 8.40901e-01
1.66800e+04 8.22253e-01
1.66850e+04 7.85088e-01
1.66900e+04 6.80104e-01
1.66950e+04 6.42739e-01
1.67000e+04 8.20805e-01
1.67050e+04 7.78416e-01
1.67100e+04 8.17099e-01
1.67150e+04 8.44577e-01
1.67200e+04 8.83230e-01
1.67250e+04 9.19696e-01
1.67300e+04 8.64902e-01
1.67350e+04 8.10647e-01
1.67400e+04 8.44856e-01
1.67450e+04 8.95585e-01
1.67500e+04 8.67159e-01
1.67550e+04 8.46135e-01
1.67600e+04 8.82171e-01
1.67650e+04 8.83360e-01
1.67700e+04 7.90561e-01
1.67750e+04 8.42219e-01
1.67800e+04 8.49301e-01
1.67850e+04 8.63863e-01
1.67900e+04 8.51738e-01
1.67950e+04 9.15092e-01
1.68000e+04 8.98022e-01
1.68050e+04 8.94656e-01
1.68100e+04 9.59109e-01
1.68150e+04 9.55503e-01
1.68200e+04 8.65671e-01
1.68250e+04 9.35517e-01
1.68300e+04 8.86187e-01
1.68350e+04 9.17020e-01
1.68400e+04 9.80124e-01
1.68450e+04 8.41201e-01
1.68500e+04 8.32930e-01
1.68550e+04 8.85717e-01
1.68600e+04 9.05873e-01
1.68650e+04 9.10038e-01
1.68700e+04 9.14203e-01
1.68750e+04 9.19886e-01
1.68800e+04 9.28486e-01
1.68850e+04 8.83060e-01
1.68900e+04 8.32950e-01
1.68950e+04 8.31932e-01
1.69000e+04 8.58839e-01
1.69050e+04 7.25000e-01
1.69100e+04 8.57571e-01
1.69150e+04 9.14113e-01
1.69200e+04 9.45046e-01
1.69250e+04 9.23692e-01
1.69300e+04 9.03436e-01
1.69350e+04 9.08700e-01
1.69400e+04 9.06352e-01
1.69450e+04 8.82501e-01
1.69500e+04 8.84798e-01
1.69550e+04 8.86266e-01
1.69600e+04 8.79295e-01
1.69650e+04 9.13903e-01
1.69700e+04 8.45625e-01
1.69750e+04 8.87145e-01
1.69800e+04 8.60727e-01
1.69850e+04 8.25370e-01
1.69900e+04 8.66740e-01
1.69950e+04 9.19027e-01
1.70000e+04 8.86117e-01
1.70050e+04 9.36726e-01
1.70100e+04 7.83410e-01
1.70150e+04 5.42579e-01
1.70200e+04 9.36376e-01
1.70250e+04 9.52627e-01
1.70300e+04 9.01888e-01
1.70350e+04 9.25000e-01
1.70400e+04 8.45675e-01
1.70450e+04 8.51838e-01
1.70500e+04 8.29305e-01
1.70550e+04 9.11117e-01
1.70600e+04 8.74880e-01
1.70650e+04 9.60657e-01
1.70700e+04 9.02607e-01
1.70750e+04 8.43268e-01
1.70800e+04 7.75889e-01
1.70850e+04 1.00000e+00
1.70900e+04 9.96804e-01
1.70950e+04 9.27787e-01
1.71000e+04 9.07171e-01
1.71050e+04 9.01958e-01
1.71100e+04 8.71065e-01
1.71150e+04 8.84958e-01
1.71200e+04 8.27467e-01
1.71250e+04 8.58710e-01
1.71300e+04 8.01878e-01
1.71350e+04 9.61037e-01
1.71400e+04 8.76039e-01
1.71450e+04 7.99690e-01
1.71500e+04 8.16241e-01
1.71550e+04 8.04744e-01
1.71600e+04 8.90471e-01
1.71650e+04 8.25449e-01
1.71700e+04 8.20156e-01
1.71750e+04 7.97633e-01
1.71800e+04 8.07181e-01
1.71850e+04 8.07631e-01
1.71900e+04 7.34379e-01
1.71950e+04 7.62595e-01
1.72000e+04 7.83510e-01
1.72050e+04 7.94577e-01
1.72100e+04 7.97173e-01
1.72150e+04 7.56312e-01
1.72200e+04 8.30114e-01
1.72250e+04 8.64093e-01
1.72300e+04 8.13254e-01
1.72350e+04 8.38514e-01
1.72400e+04 7.76738e-01
1.72450e+04 7.81083e-01
1.72500e+04 7.75060e-01
1.72550e+04 7.72623e-01
1.72600e+04 8.40192e-01
1.72650e+04 8.58819e-01
1.72700e+04 7.77247e-01
1.72750e+04 7.54654e-01
1.72800e+04 8.31862e-01
1.72850e+04 7.63853e-01
1.72900e+04 8.59329e-01
1.72950e+04 8.20346e-01
1.73000e+04 8.10877e-01
1.73050e+04 7.61207e-01
1.73100e+04 7.63164e-01
1.73150e+04 7.91340e-01
1.73200e+04 7.77367e-01
1.73250e+04 7.30114e-01
1.73300e+04 7.62335e-01
1.73350e+04 7.46864e-01
1.73400e+04 8.04525e-01
1.73450e+04 7.62725e-01
1.73500e+04 7.44137e-01
1.73550e+04 7.54634e-01
1.73600e+04 7.30174e-01
1.73650e+04 7.09978e-01
1.73700e+04 7.81742e-01
1.73750e+04 7.35617e-01
1.73800e+04 8.03356e-01
1.73850e+04 7.45655e-01
1.73900e+04 7.79035e-01
1.73950e+04 7.96514e-01
1.74000e+04 8.21984e-01
1.74050e+04 7.45455e-01
1.74100e+04 6.91640e-01
1.74150e+04 7.19786e-01
1.74200e+04 7.72783e-01
1.74250e+04 7.60467e-01
1.74300e+04 7.86157e-01
1.74350e+04 7.60657e-01
1.74400e+04 7.87445e-01
1.74450e+04 7.48272e-01
1.74500e+04 6.14223e-01
1.74550e+04 6.76458e-01
1.74600e+04 7.95306e-01
1.74650e+04 8.69856e-01
1.74700e+04 7.56712e-01
1.74750e+04 7.40821e-01
1.74800e+04 7.55933e-01
1.74850e+04 7.41990e-01
1.74900e+04 7.46015e-01
1.74950e+04 7.92769e-01
1.75000e+04 7.31652e-01
1.75050e+04 7.19716e-01
1.75100e+04 6.39413e-01
1.75150e+04 7.11946e-01
1.75200e+04 7.26608e-01
1.75250e+04 7.54535e-01
1.75300e+04 7.74311e-01
1.75350e+04 7.62085e-01
1.75400e+04 7.54984e-01
1.75450e+04 7.54824e-01
1.75500e+04 6.96694e-01
1.75550e+04 7.13114e-01
1.75600e+04 7.04025e-01
1.75650e+04 6.71215e-01
1.75700e+04 6.71634e-01
1.75750e+04 6.52107e-01
1.75800e+04 7.36027e-01
1.75850e+04 7.01249e-01
1.75900e+04 6.82171e-01
1.75950e+04 7.45396e-01
1.76000e+04 7.85358e-01
1.76050e+04 7.70156e-01
1.76100e+04 7.20386e-01
1.76150e+04 6.61406e-01
1.76200e+04 7.13174e-01
1.76250e+04 7.24151e-01
1.76300e+04 6.76478e-01
1.76350e+04 6.22083e-01
1.76400e+04 7.25270e-01
1.76450e+04 6.62855e-01
1.76500e+04 6.50729e-01
1.76550e+04 7.26129e-01
1.76600e+04 5.54135e-01
1.76650e+04 7.01578e-01
1.76700e+04 6.64023e-01
1.76750e+04 7.11816e-01
1.76800e+04 6.43658e-01
1.76850e+04 6.85627e-01
1.76900e+04 6.78176e-01
1.76950e+04 6.75639e-01
1.77000e+04 7.32361e-01
1.77050e+04 6.65182e-01
1.77100e+04 7.30533e-01
1.77150e+04 6.53556e-01
1.77200e+04 6.72893e-01
1.77250e+04 6.55943e-01
1.77300e+04 7.01488e-01
1.77350e+04 6.56183e-01
1.77400e+04 6.50070e-01
1.77450e+04 6.98602e-01
1.77500e+04 6.78046e-01
1.77550e+04 6.61636e-01
1.77600e+04 6.37115e-01
1.77650e+04 6.22113e-01
1.77700e+04 6.29475e-01
1.77750e+04 6.14423e-01
1.77800e+04 6.44257e-01
1.77850e+04 6.77167e-01
1.77900e+04 6.21354e-01
1.77950e+04 6.75499e-01
1.78000e+04 6.89932e-01
1.78050e+04 6.92020e-01
1.78100e+04 6.24071e-01
1.78150e+04 5.34279e-01
1.78200e+04 5.89203e-01
1.78250e+04 6.91990e-01
1.78300e+04 6.88004e-01
1.78350e+04 6.61636e-01
1.78400e+04 7.03066e-01
1.78450e+04 6.49750e-01
1.78500e+04 6.16380e-01
1.78550e+04 6.15192e-01
1.78600e+04 5.29874e-01
1.78650e+04 6.17779e-01
1.78700e+04 6.03805e-01
1.78750e+04 5.26338e-01
1.78800e+04 5.77667e-01
1.78850e+04 5.84269e-01
1.78900e+04 6.40112e-01
1.78950e+04 6.66720e-01
1.79000e+04 6.80104e-01
1.79050e+04 6.84329e-01
1.79100e+04 6.27986e-01
1.79150e+04 5.84529e-01
1.79200e+04 6.01239e-01
1.79250e+04 5.75569e-01
1.79300e+04 5.90481e-01
1.79350e+04 6.19357e-01
1.79400e+04 5.79644e-01
1.79450e+04 5.85797e-01
1.79500e+04 5.88294e-01
1.79550e+04 5.82950e-01
1.79600e+04 6.19676e-01
1.79650e+04 5.90621e-01
1.79700e+04 6.04814e-01
1.79750e+04 6.51848e-01
1.79800e+04 6.76408e-01
1.79850e+04 6.02377e-01
1.79900e+04 5.91161e-01
1.79950e+04 3.77817e-01
1.80000e+04 4.83869e-01
1.95050e+04 5.93718e-01
1.95100e+04 5.24431e-01
1.95150e+04 6.26578e-01
1.95200e+04 6.20226e-01
1.95250e+04 5.33620e-01
1.95300e+04 5.42469e-01
1.95350e+04 6.17829e-01
1.95400e+04 6.13973e-01
1.95450e+04 5.75729e-01
1.95500e+04 5.75959e-01
1.95550e+04 5.06962e-01
1.95600e+04 5.09209e-01
1.95650e+04 6.39842e-01
1.95700e+04 6.16221e-01
1.95750e+04 6.60178e-01
1.95800e+04 5.58550e-01
1.95850e+04 5.96045e-01
1.95900e+04 6.36227e-01
1.95950e+04 5.85178e-01
1.96000e+04 6.72972e-01
1.96050e+04 5.77926e-01
1.96100e+04 6.12425e-01
1.96150e+04 5.47163e-01
1.96200e+04 4.94087e-01
1.96250e+04 5.42849e-01
1.96300e+04 5.85108e-01
1.96350e+04 5.59189e-01
1.96400e+04 5.41081e-01
1.96450e+04 5.24970e-01
1.96500e+04 5.87685e-01
1.96550e+04 5.96125e-01
1.96600e+04 6.40212e-01
1.96650e+04 5.98442e-01
1.96700e+04 5.85797e-01
1.96750e+04 6.14652e-01
1.96800e+04 6.12375e-01
1.96850e+04 6.00290e-01
1.96900e+04 6.54904e-01
1.96950e+04 6.60228e-01
1.97000e+04 5.90951e-01
1.97050e+04 5.46694e-01
1.97100e+04 6.21644e-01
1.97150e+04 6.01958e-01
1.97200e+04 5.63544e-01
1.97250e+04 5.65961e-01
1.97300e+04 6.31113e-01
1.97350e+04 6.06123e-01
1.97400e+04 6.32471e-01
1.97450e+04 6.12765e-01
1.97500e+04 5.77147e-01
1.97550e+04 5.84059e-01
1.97600e+04 5.79395e-01
1.97650e+04 6.32891e-01
1.97700e+04 6.06832e-01
1.97750e+04 5.61696e-01
1.97800e+04 6.04265e-01
1.97850e+04 6.23072e-01
1.97900e+04 6.58080e-01
1.97950e+04 6.46494e-01
1.98000e+04 5.86286e-01
1.98050e+04 5.49341e-01
1.98100e+04 6.11456e-01
1.98150e+04 6.21854e-01
1.98200e+04 6.08340e-01
1.98250e+04 5.94826e-01
1.98300e+04 5.97952e-01
1.98350e+04 5.92379e-01
1.98400e+04 6.01019e-01
1.98450e+04 6.08560e-01
1.98500e+04 6.34688e-01
1.98550e+04 5.92509e-01
1.98600e+04 5.90062e-01
1.98650e+04 6.23602e-01
1.98700e+04 6.16370e-01
1.98750e+04 6.12225e-01
1.98800e+04 6.20965e-01
1.98850e+04 6.06083e-01
1.98900e+04 6.30663e-01
1.98950e+04 5.97233e-01
1.99000e+04 6.02107e-01
1.99050e+04 6.04485e-01
1.99100e+04 6.35977e-01
1.99150e+04 6.03835e-01
1.99200e+04 6.09089e-01
1.99250e+04 6.06233e-01
1.99300e+04 5.64742e-01
1.99350e+04 6.11017e-01
1.99400e+04 6.22962e-01
1.99450e+04 6.43338e-01
1.99500e+04 6.48242e-01
1.99550e+04 6.03785e-01
1.99600e+04 6.21554e-01
1.99650e+04 6.21614e-01
1.99700e+04 6.34569e-01
1.99750e+04 6.21055e-01
1.99800e+04 5.71354e-01
1.99850e+04 6.06782e-01
1.99900e+04 6.18708e-01
1.99950e+04 5.43787e-01
2.00000e+04 6.25449e-01
2.00050e+04 4.78915e-01
2.00100e+04 4.17629e-01
2.00150e+04 6.62625e-01
2.00200e+04 5.57062e-01
2.00250e+04 5.09059e-01
2.00300e+04 5.28106e-01
2.00350e+04 6.21934e-01
2.00400e+04 6.18947e-01
2.00450e+04 5.54694e-01
2.00500e+04 6.25709e-01
2.00550e+04 5.87325e-01
2.00600e+04 5.79984e-01
2.00650e+04 4.78895e-01
2.00700e+04 6.09279e-01
2.00750e+04 6.15481e-01
2.00800e+04 6.23532e-01
2.00850e+04 5.81682e-01
2.00900e+04 5.21424e-01
2.00950e+04 5.75839e-01
2.01000e+04 4.93927e-01
2.01050e+04 5.79115e-01
2.01100e+04 5.75200e-01
2.01150e+04 5.72004e-01
2.01200e+04 6.69537e-01
2.01250e+04 5.82161e-01
2.01300e+04 4.83620e-01
2.01350e+04 5.84009e-01
2.01400e+04 5.41860e-01
2.01450e+04 5.46994e-01
2.01500e+04 6.21165e-01
2.01550e+04 6.51059e-01
2.01600e+04 5.25939e-01
2.01650e+04 5.95745e-01
2.01700e+04 6.40212e-01
2.01750e+04 6.58889e-01
2.01800e+04 6.39023e-01
2.01850e+04 6.08759e-01
2.01900e+04 5.29714e-01
2.01950e+04 5.17169e-01
2.02000e+04 5.39762e-01
2.02050e+04 5.63584e-01
2.02100e+04 6.25190e-01
2.02150e+04 6.18488e-01
2.02200e+04 6.47103e-01
2.02250e+04 6.64732e-01
2.02300e+04 6.79604e-01
2.02350e+04 6.32581e-01
2.02400e+04 6.88783e-01
2.02450e+04 6.68817e-01
2.02500e+04 6.52437e-01
2.02550e+04 6.77637e-01
2.02600e+04 6.53536e-01
2.02650e+04 6.02097e-01
2.02700e+04 6.36107e-01
2.02750e+04 6.09738e-01
2.02800e+04 6.51588e-01
2.02850e+04 6.08080e-01
2.02900e+04 6.94517e-01
2.02950e+04 6.64283e-01
2.03000e+04 6.67639e-01
2.03050e+04 6.48412e-01
2.03100e+04 6.41650e-01
2.03150e+04 6.17849e-01
2.03200e+04 6.40372e-01
2.03250e+04 6.83300e-01
2.03300e+04 6.63184e-01
2.03350e+04 6.50350e-01
2.03400e+04 5.85008e-01
2.03450e+04 6.34968e-01
2.03500e+04 6.69007e-01
2.03550e+04 6.96384e-01
2.03600e+04 6.75619e-01
2.03650e+04 6.57861e-01
2.03700e+04 6.72024e-01
2.03750e+04 6.66440e-01
2.03800e+04 6.65501e-01
2.03850e+04 6.41091e-01
2.03900e+04 6.42859e-01
2.03950e+04 6.61167e-01
2.04000e+04 6.43618e-01
2.04050e+04 6.09029e-01
2.04100e+04 6.06972e-01
2.04150e+04 5.54505e-01
2.04200e+04 6.29335e-01
2.04250e+04 7.30074e-01
2.04300e+04 6.92369e-01
2.04350e+04 6.77267e-01
2.04400e+04 6.76938e-01
2.04450e+04 6.47813e-01
2.04500e+04 6.71414e-01
2.04550e+04 6.40911e-01
2.04600e+04 6.41890e-01
2.04650e+04 6.71035e-01
2.04700e+04 6.77078e-01
2.04750e+04 6.41820e-01
2.04800e+04 7.14093e-01
2.04850e+04 7.25619e-01
2.04900e+04 6.94816e-01
2.04950e+04 6.33170e-01
2.05000e+04 5.84299e-01
2.05050e+04 6.44926e-01
2.05100e+04 6.98911e-01
2.05150e+04 6.96994e-01
2.05200e+04 6.37375e-01
2.05250e+04 6.80104e-01
2.05300e+04 6.88434e-01
2.05350e+04 7.01219e-01
2.05400e+04 6.37944e-01
2.05450e+04 6.61027e-01
2.05500e+04 6.12006e-01
2.05550e+04 6.77267e-01
2.05600e+04 6.01538e-01
2.05650e+04 4.92879e-01
2.05700e+04 6.13783e-01
2.05750e+04 6.76219e-01
2.05800e+04 6.75649e-01
2.05850e+04 7.18228e-01
2.05900e+04 6.71894e-01
2.05950e+04 7.45266e-01
2.06000e+04 7.37205e-01
2.06050e+04 6.71145e-01
2.06100e+04 6.58100e-01
2.06150e+04 6.01548e-01
2.06200e+04 5.78156e-01
2.06250e+04 6.82201e-01
2.06300e+04 6.77847e-01
2.06350e+04 6.68488e-01
2.06400e+04 6.50679e-01
2.06450e+04 6.61017e-01
2.06500e+04 6.85547e-01
2.06550e+04 7.07141e-01
2.06600e+04 6.49880e-01
2.06650e+04 6.46574e-01
2.06700e+04 6.74461e-01
2.06750e+04 6.91570e-01
2.06800e+04 6.68748e-01
2.06850e+04 7.04085e-01
2.06900e+04 7.11866e-01
2.06950e+04 7.00999e-01
2.07000e+04 6.81692e-01
2.07050e+04 7.06492e-01
2.07100e+04 7.69447e-01
2.07150e+04 7.33200e-01
2.07200e+04 6.07411e-01
2.07250e+04 6.48412e-01
2.07300e+04 5.56163e-01
2.07350e+04 6.42219e-01
2.07400e+04 7.25260e-01
2.07450e+04 6.90082e-01
2.07500e+04 7.07052e-01
2.07550e+04 7.23761e-01
2.07600e+04 6.72473e-01
2.07650e+04 7.09529e-01
2.07700e+04 7.63014e-01
2.07750e+04 7.05603e-01
2.07800e+04 6.79435e-01
2.07850e+04 7.17829e-01
2.07900e+04 6.79614e-01
2.07950e+04 7.21075e-01
2.08000e+04 7.10887e-01
2.08050e+04 7.09529e-01
2.08100e+04 7.07501e-01
2.08150e+04 6.79714e-01
2.08200e+04 6.72133e-01
2.08250e+04 6.99571e-01
2.08300e+04 7.18817e-01
2.08350e+04 7.25220e-01
2.08400e+04 6.86416e-01
2.08450e+04 7.11736e-01
2.08500e+04 7.08480e-01
2.08550e+04 7.22393e-01
2.08600e+04 6.75260e-01
2.08650e+04 6.85078e-01
2.08700e+04 6.69986e-01
2.08750e+04 7.19047e-01
2.08800e+04 7.64932e-01
2.08850e+04 7.10038e-01
2.08900e+04 7.59149e-01
2.08950e+04 7.10767e-01
2.09000e+04 6.91191e-01
2.09050e+04 7.21085e-01
2.09100e+04 7.28746e-01
2.09150e+04 7.69237e-01
2.09200e+04 6.84279e-01
2.09250e+04 7.33240e-01
2.09300e+04 7.93638e-01
2.09350e+04 7.59678e-01
2.09400e+04 7.18847e-01
2.09450e+04 6.72153e-01
2.09500e+04 6.90192e-01
2.09550e+04 6.66950e-01
2.09600e+04 7.13883e-01
2.09650e+04 7.28196e-01
2.09700e+04 7.07101e-01
2.09750e+04 6.58530e-01
2.09800e+04 7.00060e-01
2.09850e+04 7.10138e-01
2.09900e+04 7.76818e-01
2.09950e+04 7.45575e-01
2.10000e+04 7.09479e-01
2.10050e+04 7.43678e-01
2.10100e+04 7.82831e-01
2.10150e+04 7.72363e-01
2.10200e+04 7.23761e-01
2.10250e+04 7.09978e-01
2.10300e+04 7.59289e-01
2.10350e+04 7.71524e-01
2.10400e+04 7.44307e-01
2.10450e+04 7.22773e-01
2.10500e+04 7.63114e-01
2.10550e+04 7.57681e-01
2.10600e+04 7.81153e-01
2.10650e+04 7.71674e-01
2.10700e+04 7.57791e-01
2.10750e+04 7.44756e-01
2.10800e+04 7.58300e-01
2.10850e+04 7.22663e-01
2.10900e+04 7.21824e-01
2.10950e+04 7.24810e-01
2.11000e+04 7.11566e-01
2.11050e+04 7.95745e-01
2.11100e+04 8.17988e-01
2.11150e+04 8.09559e-01
2.11200e+04 7.86446e-01
2.11250e+04 8.21115e-01
2.11300e+04 7.87135e-01
2.11350e+04 7.72753e-01
2.11400e+04 7.59588e-01
2.11450e+04 7.82871e-01
2.11500e+04 7.47962e-01
2.11550e+04 7.18258e-01
2.11600e+04 7.27137e-01
2.11650e+04 7.30234e-01
2.11700e+04 7.61776e-01
2.11750e+04 6.58520e-01
2.11800e+04 6.98412e-01
2.11850e+04 7.74521e-01
2.11900e+04 7.69117e-01
2.11950e+04 7.75719e-01
2.12000e+04 7.78336e-01
2.12050e+04 7.71934e-01
2.12100e+04 7.93068e-01
2.12150e+04 7.53106e-01
2.12200e+04 7.42968e-01
2.12250e+04 7.80004e-01
2.12300e+04 8.02187e-01
2.12350e+04 7.31452e-01
2.12400e+04 7.44726e-01
2.12450e+04 7.46714e-01
2.12500e+04 7.35887e-01
2.12550e+04 7.80324e-01
2.12600e+04 7.99571e-01
2.12650e+04 7.84199e-01
2.12700e+04 7.57990e-01
2.12750e+04 7.83919e-01
2.12800e+04 7.94636e-01
2.12850e+04 7.71424e-01
2.12900e+04 7.85058e-01
2.12950e+04 7.34399e-01
2.13000e+04 7.41440e-01
2.13050e+04 7.73362e-01
2.13100e+04 7.82701e-01
2.13150e+04 7.56472e-01
2.13200e+04 7.33480e-01
2.13250e+04 7.34439e-01
2.13300e+04 7.69577e-01
2.13350e+04 7.87895e-01
2.13400e+04 7.92080e-01
2.13450e+04 8.22663e-01
2.13500e+04 7.95735e-01
2.13550e+04 7.61756e-01
2.13600e+04 8.16470e-01
2.13650e+04 7.93847e-01
2.13700e+04 7.75549e-01
2.13750e+04 7.77018e-01
2.13800e+04 8.08480e-01
2.13850e+04 7.71105e-01
2.13900e+04 7.90152e-01
2.13950e+04 7.79525e-01
2.14000e+04 8.49620e-01
2.14050e+04 7.83700e-01
2.14100e+04 7.17489e-01
2.14150e+04 7.70326e-01
2.14200e+04 7.82221e-01
2.14250e+04 7.40252e-01
2.14300e+04 7.34139e-01
2.14350e+04 7.82970e-01
2.14400e+04 8.15471e-01
2.14450e+04 8.18967e-01
2.14500e+04 8.03066e-01
2.14550e+04 8.33580e-01
2.14600e+04 8.31582e-01
2.14650e+04 7.95605e-01
2.14700e+04 8.20156e-01
2.14750e+04 8.07351e-01
2.14800e+04 8.26119e-01
2.14850e+04 8.00290e-01
2.14900e+04 7.72763e-01
2.14950e+04 7.56902e-01
2.15000e+04 7.77277e-01
2.15050e+04 7.12924e-01
2.15100e+04 6.26318e-01
2.15150e+04 7.59189e-01
2.15200e+04 8.27637e-01
2.15250e+04 7.84848e-01
2.15300e+04 8.38843e-01
2.15350e+04 7.55593e-01
2.15400e+04 7.69856e-01
2.15450e+04 8.13594e-01
2.15500e+04 8.26199e-01
2.15550e+04 7.77387e-01
2.15600e+04 7.61416e-01
2.15650e+04 7.73751e-01
2.15700e+04 7.66320e-01
2.15750e+04 8.32731e-01
2.15800e+04 8.05823e-01
2.15850e+04 7.99790e-01
2.15900e+04 7.80304e-01
2.15950e+04 8.25000e-01
2.16000e+04 8.32781e-01
2.16050e+04 7.96684e-01
2.16100e+04 8.09718e-01
2.16150e+04 8.36866e-01
2.16200e+04 8.72303e-01
2.16250e+04 8.00410e-01
2.16300e+04 8.30733e-01
2.16350e+04 7.80374e-01
2.16400e+04 7.59598e-01
2.16450e+04 7.79565e-01
2.16500e+04 8.08450e-01
2.16550e+04 8.01119e-01
2.16600e+04 7.89223e-01
2.16650e+04 8.37545e-01
2.16700e+04 8.55414e-01
2.16750e+04 8.02527e-01
2.16800e+04 8.68228e-01
2.16850e+04 8.19706e-01
2.16900e+04 8.37645e-01
2.16950e+04 8.23372e-01
2.17000e+04 8.07681e-01
2.17050e+04 7.95126e-01
2.17100e+04 7.93418e-01
2.17150e+04 7.69217e-01
2.17200e+04 8.16480e-01
2.17250e+04 8.21904e-01
2.17300e+04 8.05803e-01
2.17350e+04 7.73602e-01
2.17400e+04 8.35398e-01
2.17450e+04 8.13843e-01
2.17500e+04 8.45166e-01
2.17550e+04 8.25959e-01
2.17600e+04 8.31942e-01
2.17650e+04 8.36326e-01
2.17700e+04 8.10587e-01
2.17750e+04 7.63024e-01
2.17800e+04 8.13624e-01
2.17850e+04 8.09658e-01
2.17900e+04 7.92879e-01
2.17950e+04 7.62455e-01
2.18000e+04 7.10557e-01
2.18050e+04 7.98362e-01
2.18100e+04 8.42359e-01
2.18150e+04 8.56103e-01
2.18200e+04 8.31932e-01
2.18250e+04 7.86926e-01
2.18300e+04 7.38833e-01
2.18350e+04 7.99331e-01
2.18400e+04 7.73242e-01
2.18450e+04 8.09878e-01
2.18500e+04 8.18138e-01
2.18550e+04 8.12495e-01
2.18600e+04 7.94547e-01
2.18650e+04 7.80064e-01
2.18700e+04 8.36037e-01
2.18750e+04 7.55903e-01
2.18800e+04 8.11546e-01
2.18850e+04 8.32032e-01
2.18900e+04 8.02427e-01
2.18950e+04 8.09778e-01
2.19000e+04 7.74710e-01
2.19050e+04 8.37705e-01
2.19100e+04 7.97343e-01
2.19150e+04 8.08100e-01
2.19200e+04 7.61306e-01
2.19250e+04 7.67689e-01
2.19300e+04 7.72383e-01
2.19350e+04 7.17109e-01
2.19400e+04 7.33450e-01
2.19450e+04 7.13334e-01
2.19500e+04 7.92239e-01
2.19550e+04 8.02777e-01
2.19600e+04 7.80124e-01
2.19650e+04 8.33270e-01
2.19700e+04 8.26548e-01
2.19750e+04 8.56832e-01
2.19800e+04 8.39702e-01
2.19850e+04 7.87215e-01
2.19900e+04 8.10907e-01
2.19950e+04 7.65092e-01
2.20000e+04 8.10607e-01
2.20050e+04 8.09648e-01
2.20100e+04 8.14223e-01
2.20150e+04 8.20096e-01
2.20200e+04 8.48642e-01
2.20250e+04 8.35168e-01
2.20300e+04 8.29894e-01
2.20350e+04 8.06862e-01
2.20400e+04 7.51099e-01
2.20450e+04 7.91600e-01
2.20500e+04 7.61207e-01
2.20550e+04 7.21165e-01
2.20600e+04 8.43478e-01
2.20650e+04 8.22773e-01
2.20700e+04 7.86516e-01
2.20750e+04 8.38144e-01
2.20800e+04 7.81822e-01
2.20850e+04 7.63773e-01
2.20900e+04 8.18777e-01
2.20950e+04 8.38454e-01
2.21000e+04 8.34199e-01
2.21050e+04 8.36067e-01
2.21100e+04 7.83520e-01
2.21150e+04 8.04604e-01
2.21200e+04 7.88484e-01
2.21250e+04 7.73122e-01
2.21300e+04 8.47413e-01
2.21350e+04 7.85318e-01
2.21400e+04 8.27966e-01
2.21450e+04 8.62285e-01
2.21500e+04 8.44077e-01
2.21550e+04 8.12745e-01
2.21600e+04 8.39363e-01
2.21650e+04 8.06622e-01
2.21700e+04 8.33150e-01
2.21750e+04 7.84349e-01
2.21800e+04 7.95186e-01
2.21850e+04 8.15681e-01
2.21900e+04 8.39003e-01
2.21950e+04 8.02147e-01
2.22000e+04 7.75320e-01
2.22050e+04 7.71374e-01
2.22100e+04 7.63204e-01
2.22150e+04 7.35068e-01
2.22200e+04 7.79754e-01
2.22250e+04 8.00429e-01
2.22300e+04 8.55453e-01
2.22350e+04 8.16231e-01
2.22400e+04 8.02058e-01
2.22450e+04 7.94347e-01
2.22500e+04 8.15601e-01
2.22550e+04 8.19796e-01
2.22600e+04 7.80893e-01
2.22650e+04 7.63634e-01
2.22700e+04 8.15012e-01
2.22750e+04 7.59898e-01
2.22800e+04 7.73921e-01
2.22850e+04 7.54954e-01
2.22900e+04 7.49251e-01
2.22950e+04 8.16001e-01
2.23000e+04 7.99770e-01
2.23050e+04 8.19916e-01
2.23100e+04 8.23262e-01
2.23150e+04 8.38314e-01
2.23200e+04 8.01598e-01
2.23250e+04 7.78456e-01
2.23300e+04 8.20985e-01
2.23350e+04 8.19776e-01
2.23400e+04 7.91740e-01
2.23450e+04 7.34678e-01
2.23500e+04 7.31692e-01
2.23550e+04 7.59988e-01
2.23600e+04 8.07930e-01
2.23650e+04 7.94447e-01
2.23700e+04 8.11197e-01
2.23750e+04 8.19806e-01
2.23800e+04 7.93468e-01
2.23850e+04 8.18548e-01
2.23900e+04 8.08849e-01
2.23950e+04 8.27867e-01
2.24000e+04 8.05593e-01
2.24050e+04 8.44507e-01
2.24100e+04 8.57681e-01
2.24150e+04 8.35527e-01
2.24200e+04 8.13124e-01
2.24250e+04 8.17399e-01
2.24300e+04 8.35907e-01
2.24350e+04 7.86636e-01
2.24400e+04 8.07361e-01
2.24450e+04 8.51668e-01
2.24500e+04 8.34389e-01
2.24550e+04 8.17918e-01
2.24600e+04 8.30034e-01
2.24650e+04 8.22303e-01
2.24700e+04 8.21714e-01
2.24750e+04 8.23981e-01
2.24800e+04 8.13823e-01
2.24850e+04 7.91121e-01
2.24900e+04 8.50849e-01
2.24950e+04 8.25889e-01
2.25000e+04 7.59549e-01
2.25050e+04 7.61696e-01
2.25100e+04 7.32271e-01
2.25150e+04 8.38634e-01
2.25200e+04 7.65911e-01
2.25250e+04 8.39363e-01
2.25300e+04 7.80603e-01
2.25350e+04 7.98672e-01
2.25400e+04 8.89323e-01
2.25450e+04 8.43857e-01
2.25500e+04 8.26069e-01
2.25550e+04 7.77177e-01
2.25600e+04 7.55024e-01
2.25650e+04 7.66490e-01
2.25700e+04 7.41161e-01
2.25750e+04 7.89742e-01
2.25800e+04 8.04235e-01
2.25850e+04 7.92948e-01
2.25900e+04 8.33730e-01
2.25950e+04 8.28646e-01
2.26000e+04 8.45006e-01
2.26050e+04 8.39303e-01
2.26100e+04 8.01438e-01
2.26150e+04 7.70515e-01
2.26200e+04 7.42559e-01
2.26250e+04 7.76378e-01
2.26300e+04 7.79814e-01
2.26350e+04 8.03196e-01
2.26400e+04 8.31542e-01
2.26450e+04 7.92329e-01
2.26500e+04 8.49700e-01
2.26550e+04 8.34399e-01
2.26600e+04 7.62625e-01
2.26650e+04 7.87135e-01
2.26700e+04 7.60128e-01
2.26750e+04 8.65811e-01
2.26800e+04 8.27187e-01
2.26850e+04 8.12895e-01
2.26900e+04 8.03875e-01
2.26950e+04 7.93308e-01
2.27000e+04 8.30673e-01
2.27050e+04 8.24421e-01
2.27100e+04 7.98632e-01
2.27150e+04 8.23042e-01
2.27200e+04 7.95056e-01
2.27250e+04 8.21025e-01
2.27300e+04 7.87345e-01
2.27350e+04 7.71654e-01
2.27400e+04 8.13624e-01
2.27450e+04 7.78486e-01
2.27500e+04 7.75939e-01
2.27550e+04 8.14373e-01
2.27600e+04 7.82920e-01
2.27650e+04 8.34289e-01
2.27700e+04 8.10637e-01
2.27750e+04 7.57791e-01
2.27800e+04 8.59099e-01
2.27850e+04 8.37974e-01
2.27900e+04 8.27717e-01
2.27950e+04 7.99421e-01
2.28000e+04 8.25839e-01
2.28050e+04 7.90531e-01
2.28100e+04 7.79994e-01
2.28150e+04 7.20515e-01
2.28200e+04 8.58879e-01
2.28250e+04 8.36197e-01
2.28300e+04 8.09988e-01
2.28350e+04 8.12175e-01
2.28400e+04 8.12006e-01
2.28450e+04 7.97583e-01
2.28500e+04 8.07381e-01
2.28550e+04 8.20905e-01
2.28600e+04 8.65801e-01
2.28650e+04 8.23062e-01
2.28700e+04 8.15681e-01
2.28750e+04 7.28336e-01
2.28800e+04 8.04575e-01
2.28850e+04 8.49610e-01
2.28900e+04 7.63154e-01
2.28950e+04 7.76398e-01
2.29000e+04 7.43688e-01
2.29050e+04 8.57012e-01
2.29100e+04 8.37885e-01
2.29150e+04 8.33250e-01
2.29200e+04 7.94087e-01
2.29250e+04 8.09009e-01
2.29300e+04 8.15751e-01
2.29350e+04 8.22143e-01
2.29400e+04 7.14213e-01
2.29450e+04 6.40751e-01
2.29500e+04 7.25270e-01
2.29550e+04 6.69936e-01
2.29600e+04 6.94157e-01
2.29650e+04 7.17659e-01
2.29700e+04 7.37205e-01
2.29750e+04 7.43588e-01
2.29800e+04 6.95785e-01
2.29850e+04 7.04505e-01
2.29900e+04 6.96115e-01
2.29950e+04 7.46065e-01
2.30000e+04 7.08670e-01
2.30050e+04 7.38454e-01
2.30100e+04 7.32091e-01
2.30150e+04 7.64433e-01
2.30200e+04 6.92998e-01
2.30250e+04 7.04555e-01
2.30300e+04 7.23692e-01
2.30350e+04 7.22193e-01
2.30400e+04 7.08939e-01
2.30450e+04 7.59159e-01
2.30500e+04 7.17749e-01
2.30550e+04 7.68847e-01
2.30600e+04 7.17749e-01
2.30650e+04 6.96215e-01
2.30700e+04 7.14433e-01
2.30750e+04 7.65521e-01
2.30800e+04 7.96215e-01
2.30850e+04 7.03286e-01
2.30900e+04 6.84379e-01
2.30950e+04 7.28646e-01
2.31000e+04 6.90102e-01
2.31050e+04 7.48012e-01
2.31100e+04 7.43857e-01
2.31150e+04 6.91300e-01
2.31200e+04 7.80224e-01
2.31250e+04 7.46015e-01
2.31300e+04 7.64443e-01
2.31350e+04 8.41670e-01
2.31400e+04 7.40062e-01
2.31450e+04 6.68388e-01
2.31500e+04 7.25410e-01
2.31550e+04 7.32671e-01
2.31600e+04 7.36187e-01
2.31650e+04 6.80134e-01
2.31700e+04 7.12505e-01
2.31750e+04 7.02777e-01
2.31800e+04 7.16031e-01
2.31850e+04 7.36097e-01
2.31900e+04 7.99870e-01
2.31950e+04 7.48402e-01
2.32000e+04 7.64373e-01
2.32050e+04 7.75629e-01
2.32100e+04 6.81262e-01
2.32150e+04 6.74161e-01
2.32200e+04 7.64363e-01
2.32250e+04 7.44327e-01
2.32300e+04 7.21145e-01
2.32350e+04 6.58640e-01
2.32400e+04 6.48442e-01
2.32450e+04 7.04944e-01
2.32500e+04 7.28865e-01
2.32550e+04 7.34898e-01
2.32600e+04 6.69886e-01
2.32650e+04 6.94686e-01
2.32700e+04 7.34479e-01
2.32750e+04 6.62175e-01
2.32800e+04 7.00679e-01
2.32850e+04 6.30304e-01
2.32900e+04 6.61067e-01
2.32950e+04 7.07980e-01
2.33000e+04 6.94207e-01
2.33050e+04 7.40931e-01
2.33100e+04 6.35857e-01
2.33150e+04 6.63064e-01
2.33200e+04 7.04624e-01
2.33250e+04 7.05993e-01
2.33300e+04 7.51858e-01
2.33350e+04 7.40042e-01
2.33400e+04 6.93258e-01
2.33450e+04 7.34309e-01
2.33500e+04 7.10637e-01
2.33550e+04 7.13324e-01
2.33600e+04 7.45595e-01
2.33650e+04 7.20595e-01
2.33700e+04 7.10697e-01
2.33750e+04 7.49541e-01
2.33800e+04 7.45246e-01
2.33850e+04 7.29924e-01
2.33900e+04 6.95825e-01
2.33950e+04 6.60447e-01
2.34000e+04 6.70176e-01
2.34050e+04 6.91181e-01
2.34100e+04 6.66430e-01
2.34150e+04 6.68308e-01
2.34200e+04 6.48622e-01
2.34250e+04 6.98702e-01
2.34300e+04 7.42978e-01
2.34350e+04 7.64463e-01
2.34400e+04 7.04175e-01
2.34450e+04 6.48781e-01
2.34500e+04 6.84958e-01
2.34550e+04 6.43188e-01
2.34600e+04 6.66580e-01
2.34650e+04 7.50509e-01
2.34700e+04 7.58819e-01
2.34750e+04 7.64203e-01
2.34800e+04 7.41410e-01
2.34850e+04 6.91241e-01
2.34900e+04 7.84948e-01
2.34950e+04 7.05993e-01
2.35000e+04 6.87235e-01
2.35050e+04 6.86336e-01
2.35100e+04 7.02317e-01
2.35150e+04 7.21165e-01
2.35200e+04 6.33630e-01
2.35250e+04 7.35288e-01
2.35300e+04 6.60328e-01
2.35350e+04 6.83210e-01
2.35400e+04 6.65691e-01
2.35450e+04 7.40841e-01
2.35500e+04 7.65611e-01
2.35550e+04 8.55783e-01
2.35600e+04 7.16330e-01
2.35650e+04 6.96674e-01
2.35700e+04 6.86876e-01
2.35750e+04 7.20096e-01
2.35800e+04 6.80533e-01
2.35850e+04 6.20386e-01
2.35900e+04 7.09868e-01
2.35950e+04 7.37385e-01
2.36000e+04 6.92769e-01
2.36050e+04 6.96175e-01
2.36100e+04 7.12585e-01
2.36150e+04 6.94087e-01
2.36200e+04 6.86656e-01
2.36250e+04 7.55084e-01
2.36300e+04 7.03036e-01
2.36350e+04 6.81592e-01
2.36400e+04 6.47044e-01
2.36450e+04 7.61896e-01
2.36500e+04 7.04215e-01
2.36550e+04 6.87805e-01
2.36600e+04 6.45975e-01
2.36650e+04 6.60288e-01
2.36700e+04 6.91380e-01
2.36750e+04 6.86726e-01
2.36800e+04 6.39533e-01
2.36850e+04 6.92869e-01
2.36900e+04 7.19317e-01
2.36950e+04 6.68018e-01
2.37000e+04 6.62115e-01
2.37050e+04 5.81612e-01
2.37100e+04 7.46065e-01
2.37150e+04 6.90402e-01
2.37200e+04 6.66910e-01
2.37250e+04 7.26698e-01
2.37300e+04 6.37335e-01
2.37350e+04 6.58190e-01
2.37400e+04 6.85088e-01
2.37450e+04 7.05463e-01
2.37500e+04 8.14652e-01
2.37550e+04 7.13164e-01
2.37600e+04 6.48831e-01
2.37650e+04 6.24970e-01
2.37700e+04 6.23722e-01
2.37750e+04 6.94097e-01
2.37800e+04 7.04614e-01
2.37850e+04 6.69986e-01
2.37900e+04 6.91380e-01
2.37950e+04 6.54035e-01
2.38000e+04 6.46514e-01
2.38050e+04 7.10028e-01
2.38100e+04 6.91580e-01
2.38150e+04 6.26438e-01
2.38200e+04 6.91710e-01
2.38250e+04 6.55833e-01
2.38300e+04 6.74171e-01
2.38350e+04 6.00280e-01
2.38400e+04 6.27657e-01
2.38450e+04 6.89363e-01
2.38500e+04 6.96654e-01
2.38550e+04 7.21135e-01
2.38600e+04 6.16710e-01
2.38650e+04 6.41940e-01
2.38700e+04 6.47683e-01
2.38750e+04 6.36496e-01
2.38800e+04 5.85068e-01
2.38850e+04 6.41730e-01
2.38900e+04 6.84269e-01
2.38950e+04 6.17699e-01
2.39000e+04 6.83600e-01
2.39050e+04 6.92928e-01
2.39100e+04 6.85298e-01
2.39150e+04 6.29085e-01
2.39200e+04 5.89363e-01
2.39250e+04 6.06772e-01
2.39300e+04 6.45106e-01
2.39350e+04 6.65272e-01
2.39400e+04 6.69187e-01
2.39450e+04 7.38254e-01
2.39500e+04 5.99121e-01
2.39550e+04 6.96155e-01
2.39600e+04 7.05493e-01
2.39650e+04 6.58540e-01
2.39700e+04 6.83220e-01
2.39750e+04 6.69337e-01
2.39800e+04 6.07781e-01
2.39850e+04 6.05104e-01
2.39900e+04 6.35338e-01
2.39950e+04 6.50240e-01
2.40000e+04 6.44187e-01
2.40050e+04 6.73781e-01
2.40100e+04 5.72992e-01
2.40150e+04 5.33340e-01
2.40200e+04 5.70495e-01
2.40250e+04 5.51059e-01
2.40300e+04 5.73182e-01
2.40350e+04 6.05324e-01
2.40400e+04 5.91930e-01
2.40450e+04 5.84618e-01
2.40500e+04 6.52767e-01
2.40550e+04 7.34768e-01
2.40600e+04 6.02447e-01
2.40650e+04 6.88943e-01
2.40700e+04 6.54575e-01
2.40750e+04 5.73712e-01
2.40800e+04 7.76988e-01
2.40850e+04 5.81472e-01
2.40900e+04 5.75499e-01
2.40950e+04 6.98672e-01
2.41000e+04 6.73292e-01
2.41050e+04 6.32911e-01
2.41100e+04 6.45086e-01
2.41150e+04 6.56043e-01
2.41200e+04 5.70066e-01
2.41250e+04 6.72543e-01
2.41300e+04 6.46784e-01
2.41350e+04 6.73452e-01
2.41400e+04 5.99481e-01
2.41450e+04 5.47014e-01
2.41500e+04 5.35707e-01
2.41550e+04 6.34349e-01
2.41600e+04 7.02966e-01
2.41650e+04 6.42030e-01
2.41700e+04 5.17829e-01
2.41750e+04 5.60338e-01
2.41800e+04 5.93877e-01
2.41850e+04 6.48911e-01
2.41900e+04 6.59089e-01
2.41950e+04 6.87785e-01
2.42000e+04 5.74461e-01
2.42050e+04 5.62695e-01
2.42100e+04 7.36406e-01
2.42150e+04 6.55583e-01
2.42200e+04 5.91410e-01
2.42250e+04 6.79305e-01
2.42300e+04 6.89033e-01
2.42350e+04 6.15052e-01
2.42400e+04 6.21664e-01
2.42450e+04 6.98941e-01
2.42500e+04 6.72223e-01
2.42550e+04 6.57191e-01
2.42600e+04 5.64892e-01
2.42650e+04 5.32631e-01
2.42700e+04 6.24640e-01
2.42750e+04 5.81512e-01
2.42800e+04 6.25110e-01
2.42850e+04 5.44826e-01
2.42900e+04 5.78666e-01
2.42950e+04 5.18807e-01
2.43000e+04 6.19756e-01
2.43050e+04 6.94577e-01
2.43100e+04 6.11167e-01
2.43150e+04 6.71574e-01
2.43200e+04 5.57881e-01
2.43250e+04 6.33550e-01
2.43300e+04 6.44986e-01
2.43350e+04 5.49451e-01
2.43400e+04 5.36966e-01
2.43450e+04 5.15182e-01
2.43500e+04 5.70366e-01
2.43550e+04 6.22353e-01
2.43600e+04 4.38644e-01
2.43650e+04 7.16540e-01
2.43700e+04 3.97703e-01
2.43750e+04 6.50879e-01
2.43800e+04 6.76139e-01
2.43850e+04 6.49850e-01
2.43900e+04 6.42609e-01
2.43950e+04 5.59768e-01
2.44000e+04 6.23891e-01
2.44050e+04 6.32062e-01
2.44100e+04 6.03056e-01
2.44150e+04 5.52527e-01
2.44200e+04 4.96344e-01
2.44250e+04 5.53995e-01
2.44300e+04 5.37275e-01
2.44350e+04 4.94477e-01
2.44400e+04 5.66900e-01
2.44450e+04 5.64762e-01
2.44500e+04 5.19527e-01
2.44550e+04 5.01149e-01
2.44600e+04 4.97243e-01
2.44650e+04 5.15012e-01
2.44700e+04 5.48981e-01
2.44750e+04 5.75479e-01
2.44800e+04 5.75999e-01
2.44850e+04 5.88584e-01
2.44900e+04 4.72213e-01
2.44950e+04 5.89792e-01
2.45000e+04 5.18538e-01
