64262.7      311.217      144.975      172.830      149.962      169.584
64522.2      313.663      144.976      172.830      149.955      169.562
64232.2      310.950      144.975      172.830      149.956      169.576
64218.8      313.678      144.974      172.830      149.962      169.588
64381.5      316.513      144.975      172.830      149.945      169.571
64221.5      308.274      144.975      172.830      149.963      169.568
64381.0      315.106      144.975      172.831      149.981      169.564
64200.1      312.846      144.975      172.831      149.977      169.583
64269.0      315.415      144.975      172.830      149.960      169.570
64298.3      313.028      144.974      172.831      149.956      169.588
64321.3      309.016      144.974      172.832      149.980      169.575
64320.9      313.345      144.974      172.831      149.949      169.584
64357.0      316.922      144.975      172.831      149.956      169.590
64180.8      318.502      144.975      172.830      149.952      169.585
64314.1      312.682      144.975      172.832      149.972      169.577
64304.6      310.642      144.975      172.830      149.938      169.575
64169.8      318.273      144.976      172.830      149.955      169.577
64236.8      313.217      144.974      172.831      149.952      169.579
64333.8      309.345      144.974      172.830      149.962      169.567
64097.4      311.038      144.976      172.832      149.966      169.590
64456.2      303.663      144.973      172.831      149.970      169.572
64416.2      311.500      144.975      172.831      149.965      169.584
64364.4      315.254      144.975      172.831      149.946      169.584
64230.0      311.189      144.975      172.833      149.966      169.590
64415.8      318.892      144.974      172.829      149.968      169.587
64271.3      310.583      144.976      172.832      149.941      169.572
64239.9      312.152      144.975      172.831      149.966      169.571
64352.5      308.067      144.975      172.831      149.973      169.561
64217.5      310.769      144.975      172.829      149.953      169.562
64169.0      310.446      144.976      172.830      149.949      169.570
64221.2      313.436      144.975      172.830      149.961      169.571
64011.4      310.216      144.974      172.832      149.952      169.579
64525.4      311.444      144.974      172.830      149.970      169.576
64223.8      317.934      144.975      172.831      149.958      169.579
64297.9      313.742      144.975      172.830      149.973      169.574
64310.9      313.600      144.975      172.831      149.963      169.585
64278.3      311.210      144.974      172.829      149.962      169.580
64320.3      315.881      144.975      172.832      149.959      169.573
64243.3      317.820      144.974      172.830      149.963      169.577
64308.9      315.655      144.975      172.831      149.962      169.580
64377.1      316.537      144.975      172.831      149.946      169.584
64307.1      315.781      144.975      172.830      149.973      169.575
64027.6      317.467      144.976      172.830      149.963      169.577
64372.9      315.171      144.975      172.830      149.968      169.569
64217.4      314.448      144.974      172.830      149.964      169.577
64440.3      304.814      144.974      172.831      149.976      169.582
64335.6      321.721      144.974      172.830      149.947      169.575
64173.1      314.411      144.974      172.830      149.974      169.583
64216.7      317.710      144.975      172.830      149.966      169.580
64097.4      314.990      144.974      172.830      149.955      169.586
64441.8      314.723      144.974      172.831      149.961      169.575
64329.5      313.632      144.975      172.832      149.969      169.588
64288.2      311.772      144.975      172.830      149.962      169.570
64303.9      311.828      144.975      172.831      149.951      169.584
64348.1      311.833      144.974      172.831      149.959      169.578
64331.6      310.897      144.975      172.831      149.967      169.567
64174.2      311.489      144.975      172.830      149.954      169.573
64302.4      313.747      144.974      172.831      149.961      169.577
64290.5      310.977      144.976      172.832      149.950      169.584
64382.9      316.509      144.975      172.830      149.960      169.590
64186.9      311.144      144.975      172.831      149.961      169.569
64102.4      310.158      144.975      172.831      149.973      169.585
64294.5      309.639      144.976      172.830      149.955      169.577
64256.2      306.791      144.975      172.830      149.963      169.579
64179.4      310.911      144.975      172.831      149.962      169.584
64442.4      317.114      144.974      172.832      149.947      169.584
64385.5      313.806      144.976      172.832      149.938      169.582
64122.4      319.399      144.975      172.831      149.953      169.591
64207.4      315.111      144.975      172.831      149.942      169.590
64239.5      310.362      144.976      172.830      149.968      169.577
64139.2      308.448      144.975      172.831      149.973      169.573
64211.8      311.224      144.975      172.831      149.968      169.593
64451.0      306.966      144.974      172.829      149.964      169.573
64278.5      312.551      144.974      172.831      149.962      169.571
64276.7      317.252      144.974      172.832      149.954      169.577
64372.9      316.492      144.975      172.830      149.940      169.592
64079.6      318.160      144.974      172.831      149.950      169.588
64293.8      316.571      144.975      172.830      149.973      169.577
64202.0      313.375      144.974      172.831      149.960      169.588
64504.0      314.809      144.974      172.831      149.953      169.591
64411.7      310.808      144.975      172.830      149.957      169.567
64306.8      311.185      144.976      172.831      149.969      169.595
64310.3      308.027      144.974      172.829      149.948      169.588
64356.4      311.591      144.974      172.830      149.964      169.580
64364.4      308.364      144.974      172.830      149.965      169.573
64194.9      317.572      144.976      172.831      149.961      169.586
64315.9      313.426      144.975      172.832      149.959      169.577
64345.4      316.004      144.973      172.831      149.957      169.570
64450.6      312.980      144.975      172.831      149.965      169.574
64412.6      319.448      144.975      172.831      149.945      169.587
64493.5      309.771      144.975      172.832      149.945      169.561
64214.6      313.596      144.974      172.831      149.949      169.589
64228.6      310.617      144.975      172.830      149.960      169.577
64392.6      313.368      144.975      172.830      149.970      169.574
64139.4      309.154      144.975      172.831      149.973      169.586
64322.4      310.444      144.975      172.832      149.953      169.572
64253.0      320.443      144.975      172.832      149.940      169.584
64025.7      315.050      144.976      172.830      149.976      169.581
64300.9      315.223      144.975      172.831      149.937      169.588
64103.9      318.896      144.975      172.830      149.946      169.588
64225.9      320.001      144.975      172.832      149.941      169.575
64355.5      314.040      144.975      172.831      149.970      169.599
64329.6      311.511      144.974      172.830      149.954      169.563
64286.4      310.237      144.976      172.832      149.958      169.570
64409.3      305.622      144.975      172.831      149.950      169.580
64484.2      308.939      144.975      172.831      149.955      169.570
64244.6      316.370      144.975      172.831      149.964      169.589
64221.7      311.667      144.975      172.831      149.962      169.572
64470.6      312.212      144.975      172.830      149.954      169.584
64435.8      305.058      144.975      172.831      149.970      169.580
64164.1      315.065      144.975      172.831      149.961      169.587
64204.7      315.572      144.975      172.831      149.952      169.579
64250.3      307.431      144.974      172.830      149.956      169.585
64329.1      310.880      144.976      172.831      149.954      169.582
64325.0      315.941      144.974      172.830      149.965      169.579
64346.3      315.476      144.974      172.830      149.952      169.590
64411.3      312.631      144.975      172.831      149.956      169.595
64248.2      314.145      144.975      172.831      149.955      169.578
64085.9      315.204      144.976      172.830      149.962      169.577
64342.4      309.166      144.974      172.832      149.978      169.588
64061.6      317.876      144.975      172.832      149.946      169.585
64246.4      320.211      144.975      172.831      149.948      169.575
64395.1      312.542      144.974      172.829      149.974      169.573
64373.2      307.983      144.975      172.831      149.951      169.577
64399.6      317.877      144.975      172.829      149.970      169.587
64280.9      312.074      144.974      172.832      149.953      169.573
64172.0      311.967      144.974      172.831      149.958      169.591
64290.5      313.024      144.975      172.830      149.952      169.580
64352.0      317.771      144.975      172.832      149.946      169.580
64389.4      316.806      144.975      172.831      149.962      169.573
64382.1      308.706      144.976      172.831      149.973      169.576
64213.9      318.514      144.975      172.830      149.962      169.598
64299.0      305.816      144.975      172.831      149.955      169.586
64152.7      311.872      144.974      172.831      149.959      169.585
64354.9      310.154      144.974      172.831      149.952      169.581
64361.6      311.033      144.976      172.831      149.961      169.587
64281.4      309.213      144.975      172.830      149.959      169.587
64342.6      314.036      144.975      172.831      149.930      169.576
64237.0      311.501      144.976      172.830      149.952      169.581
64428.2      318.173      144.976      172.830      149.955      169.597
64071.4      318.732      144.976      172.829      149.962      169.587
64339.0      313.090      144.975      172.832      149.955      169.567
64387.9      313.079      144.974      172.832      149.945      169.581
64391.0      309.114      144.975      172.830      149.970      169.578
64634.0      309.292      144.975      172.831      149.959      169.584
64189.4      315.387      144.975      172.830      149.962      169.589
64341.7      308.790      144.975      172.830      149.962      169.574
64407.8      306.142      144.975      172.831      149.969      169.578
64071.0      309.498      144.975      172.831      149.959      169.577
64290.3      316.307      144.975      172.830      149.960      169.577
64303.0      312.741      144.974      172.831      149.956      169.576
64250.9      310.917      144.976      172.830      149.940      169.569
64148.3      306.433      144.975      172.830      149.962      169.577
64294.3      314.577      144.975      172.831      149.950      169.581
64251.9      319.199      144.974      172.832      149.951      169.584
64414.8      309.226      144.975      172.830      149.941      169.569
64077.3      312.823      144.974      172.831      149.945      169.587
64247.7      312.768      144.976      172.831      149.961      169.577
64358.5      318.521      144.975      172.830      149.961      169.580
64184.7      311.032      144.975      172.831      149.957      169.557
64373.4      318.622      144.974      172.831      149.946      169.591
64361.9      313.546      144.975      172.831      149.958      169.582
64277.2      318.744      144.975      172.830      149.945      169.578
64353.8      311.916      144.975      172.831      149.966      169.575
64341.3      315.699      144.975      172.831      149.963      169.591
64255.6      314.161      144.975      172.831      149.963      169.586
64470.7      310.759      144.975      172.830      149.961      169.573
64284.6      313.802      144.973      172.832      149.970      169.573
64096.5      321.718      144.976      172.829      149.955      169.587
64228.9      310.073      144.975      172.830      149.955      169.578
64063.1      316.845      144.975      172.831      149.964      169.580
64284.5      322.204      144.976      172.831      149.959      169.581
64160.2      312.003      144.975      172.831      149.966      169.584
64375.3      302.897      144.974      172.831      149.955      169.581
64417.9      311.539      144.975      172.832      149.954      169.584
64258.1      315.128      144.974      172.830      149.964      169.584
64097.0      313.783      144.975      172.831      149.955      169.589
64229.1      316.592      144.976      172.830      149.939      169.577
64310.8      311.217      144.976      172.829      149.948      169.588
64407.3      311.410      144.974      172.832      149.956      169.588
64212.7      318.671      144.975      172.832      149.973      169.589
64425.5      314.531      144.975      172.831      149.962      169.583
64486.3      313.454      144.975      172.830      149.960      169.581
64432.3      309.452      144.974      172.831      149.967      169.598
64334.6      316.480      144.975      172.831      149.961      169.583
64412.0      312.405      144.975      172.830      149.954      169.576
64333.6      311.828      144.975      172.830      149.955      169.580
64143.8      312.535      144.974      172.832      149.939      169.587
63922.4      313.895      144.974      172.831      149.958      169.573
64269.6      311.776      144.975      172.830      149.957      169.572
64115.8      312.105      144.974      172.832      149.946      169.584
64303.6      307.816      144.975      172.831      149.955      169.571
64328.3      317.132      144.975      172.830      149.940      169.584
64244.2      312.317      144.976      172.829      149.966      169.570
64360.0      313.141      144.975      172.831      149.959      169.581
64108.1      317.696      144.974      172.831      149.951      169.580
64312.9      311.540      144.975      172.830      149.966      169.588
64232.7      316.164      144.974      172.831      149.969      169.586
64195.6      314.938      144.975      172.831      149.954      169.569
64108.2      316.202      144.976      172.830      149.966      169.583
64334.6      314.672      144.975      172.829      149.953      169.588
64350.3      309.755      144.975      172.830      149.957      169.582
64425.1      315.025      144.975      172.831      149.945      169.570
64376.7      311.186      144.975      172.831      149.972      169.581
64226.1      316.212      144.974      172.831      149.966      169.575
64378.9      313.272      144.975      172.831      149.948      169.571
64291.7      312.274      144.975      172.831      149.975      169.594
64211.5      312.161      144.974      172.831      149.953      169.578
64123.1      315.971      144.975      172.831      149.956      169.586
64265.8      313.473      144.973      172.832      149.953      169.584
64066.6      314.549      144.975      172.830      149.959      169.579
64262.0      316.388      144.975      172.831      149.964      169.598
64244.7      312.288      144.975      172.831      149.964      169.568
64105.1      315.610      144.975      172.832      149.945      169.580
64235.7      315.375      144.974      172.831      149.957      169.588
64305.0      308.293      144.976      172.830      149.972      169.595
64334.4      312.973      144.976      172.831      149.960      169.573
64167.9      312.825      144.975      172.830      149.960      169.570
64142.8      313.022      144.975      172.831      149.969      169.583
64118.8      312.931      144.975      172.831      149.963      169.580
64219.1      316.663      144.974      172.830      149.970      169.587
64297.0      320.354      144.974      172.829      149.944      169.575
64156.4      312.068      144.974      172.831      149.957      169.589
64129.4      312.680      144.975      172.832      149.959      169.568
64310.6      312.075      144.974      172.830      149.962      169.585
64481.1      310.968      144.975      172.830      149.971      169.588
64502.2      307.607      144.975      172.831      149.973      169.582
64399.7      310.435      144.975      172.831      149.964      169.577
64374.9      313.659      144.975      172.830      149.962      169.570
64374.4      314.627      144.974      172.830      149.948      169.576
64176.1      315.437      144.975      172.829      149.970      169.579
64155.6      313.573      144.975      172.830      149.962      169.570
64332.2      315.847      144.974      172.830      149.974      169.584
64431.7      313.302      144.976      172.831      149.955      169.580
64140.5      317.845      144.976      172.832      149.948      169.587
64103.6      311.194      144.974      172.831      149.971      169.575
64086.1      309.473      144.975      172.831      149.949      169.581
64366.5      317.223      144.976      172.831      149.964      169.580
64411.3      307.515      144.975      172.832      149.964      169.575
64385.0      314.815      144.975      172.830      149.952      169.583
64158.8      308.982      144.974      172.832      149.950      169.580
64331.1      319.559      144.975      172.830      149.952      169.578
64258.5      314.458      144.975      172.831      149.962      169.585
64167.1      319.361      144.975      172.830      149.956      169.576
64395.4      312.338      144.974      172.831      149.946      169.562
64472.8      318.986      144.976      172.829      149.955      169.575
64202.0      314.418      144.975      172.831      149.946      169.581
64361.1      314.527      144.975      172.831      149.945      169.584
64261.7      313.726      144.974      172.832      149.948      169.582
64303.7      307.852      144.975      172.831      149.952      169.567
64144.1      320.241      144.975      172.832      149.959      169.582
64248.2      313.446      144.974      172.829      149.970      169.580
64211.9      315.539      144.974      172.830      149.955      169.576
64366.9      314.845      144.975      172.831      149.945      169.581
64271.9      314.663      144.974      172.830      149.973      169.586
64259.3      317.651      144.974      172.831      149.954      169.584
64257.5      315.086      144.976      172.830      149.967      169.578
64465.1      314.418      144.975      172.830      149.954      169.572
64319.3      321.815      144.974      172.831      149.953      169.585
64039.5      310.249      144.974      172.831      149.949      169.566
64396.1      311.848      144.974      172.830      149.957      169.567
64481.0      313.071      144.974      172.830      149.966      169.579
64351.6      315.977      144.974      172.831      149.973      169.579
64486.4      310.879      144.975      172.831      149.970      169.571
64078.3      315.421      144.975      172.831      149.950      169.576
64390.4      312.592      144.975      172.831      149.955      169.587
64360.7      316.934      144.976      172.830      149.948      169.589
64355.7      309.167      144.975      172.829      149.965      169.585
64205.5      307.717      144.975      172.830      149.967      169.580
64248.8      309.817      144.974      172.831      149.973      169.572
64195.6      313.039      144.976      172.831      149.965      169.588
64296.6      310.239      144.975      172.830      149.977      169.576
64323.1      315.279      144.975      172.831      149.948      169.583
64132.3      310.884      144.974      172.830      149.949      169.590
64327.2      313.918      144.974      172.830      149.960      169.584
64481.5      310.486      144.974      172.830      149.977      169.572
64233.3      312.692      144.974      172.831      149.971      169.594
64233.8      315.707      144.974      172.830      149.973      169.587
64229.0      318.611      144.975      172.832      149.959      169.587
64297.3      317.057      144.975      172.829      149.978      169.582
64194.2      310.685      144.975      172.830      149.967      169.578
64204.1      316.297      144.975      172.830      149.952      169.586
64443.0      305.047      144.974      172.831      149.960      169.586
64373.5      309.326      144.975      172.830      149.959      169.582
64278.0      309.855      144.974      172.830      149.962      169.582
64111.8      305.846      144.974      172.831      149.970      169.570
64037.8      311.700      144.974      172.831      149.946      169.585
64266.6      324.295      144.975      172.829      149.936      169.580
64388.0      313.385      144.974      172.830      149.954      169.588
64176.3      312.420      144.974      172.831      149.970      169.566
64208.8      307.589      144.974      172.832      149.962      169.573
64159.5      312.904      144.976      172.831      149.964      169.586
64262.2      307.224      144.975      172.831      149.951      169.582
64303.5      310.892      144.975      172.829      149.966      169.592
64111.6      312.055      144.975      172.829      149.953      169.576
64168.8      320.733      144.975      172.832      149.953      169.585
64408.1      312.885      144.974      172.830      149.971      169.582
64215.3      309.771      144.974      172.832      149.939      169.573
64334.1      308.655      144.975      172.831      149.960      169.600
64439.8      311.276      144.974      172.831      149.956      169.565
64252.8      311.502      144.975      172.829      149.962      169.591
64213.0      314.504      144.974      172.831      149.952      169.575
64205.3      313.580      144.975      172.830      149.956      169.592
64428.2      308.359      144.975      172.830      149.959      169.591
64421.4      310.231      144.975      172.831      149.952      169.580
64251.0      313.690      144.975      172.830      149.963      169.576
64248.1      315.209      144.975      172.832      149.945      169.580
64169.7      313.562      144.975      172.831      149.948      169.581
64432.7      313.044      144.975      172.832      149.973      169.585
64237.0      314.329      144.974      172.832      149.953      169.579
64332.8      309.396      144.975      172.831      149.956      169.573
64274.1      306.375      144.975      172.830      149.952      169.578
64318.7      320.864      144.975      172.830      149.948      169.591
64246.0      312.689      144.975      172.831      149.964      169.588
64355.9      310.521      144.974      172.831      149.977      169.572
64326.4      310.201      144.974      172.830      149.950      169.583
64198.6      308.648      144.975      172.830      149.957      169.579
64206.5      313.743      144.976      172.831      149.957      169.585
64478.0      311.136      144.975      172.829      149.952      169.574
64260.0      314.637      144.975      172.830      149.948      169.577
64388.5      312.860      144.974      172.831      149.953      169.581
64229.4      308.217      144.975      172.830      149.970      169.578
64310.1      313.601      144.975      172.832      149.971      169.569
64077.0      314.349      144.974      172.830      149.960      169.580
64229.4      317.454      144.975      172.830      149.955      169.587
64221.4      304.785      144.975      172.831      149.954      169.565
64555.2      316.567      144.974      172.831      149.947      169.566
64287.7      308.674      144.975      172.830      149.961      169.574
64233.9      309.849      144.975      172.830      149.973      169.566
64042.5      316.599      144.975      172.831      149.954      169.566
64315.6      315.028      144.975      172.831      149.959      169.595
64187.1      316.444      144.975      172.831      149.948      169.568
64239.9      313.231      144.975      172.832      149.972      169.598
64229.6      307.361      144.975      172.831      149.957      169.584
64332.5      316.423      144.975      172.831      149.970      169.578
64484.3      314.024      144.975      172.830      149.966      169.570
64229.7      313.038      144.975      172.831      149.943      169.578
64157.8      319.476      144.975      172.830      149.932      169.573
64406.4      310.906      144.974      172.830      149.938      169.579
64410.0      311.377      144.974      172.832      149.980      169.577
64271.5      315.120      144.976      172.831      149.949      169.572
64104.7      308.703      144.975      172.832      149.966      169.584
64260.8      312.422      144.975      172.831      149.950      169.583
64466.6      310.059      144.975      172.831      149.963      169.573
64171.0      309.426      144.975      172.832      149.969      169.570
64241.7      306.331      144.976      172.831      149.960      169.570
64359.3      315.416      144.974      172.830      149.957      169.577
64199.5      309.926      144.975      172.831      149.955      169.576
64357.7      309.893      144.975      172.831      149.955      169.577
64262.5      305.277      144.975      172.831      149.966      169.576
64398.2      313.594      144.975      172.832      149.953      169.583
64170.5      313.936      144.974      172.830      149.955      169.589
64218.4      313.052      144.975      172.829      149.959      169.586
64293.1      306.661      144.974      172.831      149.955      169.580
64253.3      311.012      144.975      172.831      149.955      169.584
64424.7      309.015      144.976      172.832      149.954      169.580
64258.5      319.342      144.975      172.831      149.962      169.578
64343.4      306.942      144.974      172.830      149.960      169.570
64384.3      316.275      144.975      172.831      149.946      169.580
64449.7      315.149      144.974      172.830      149.950      169.575
64120.8      310.499      144.975      172.832      149.969      169.578
64318.6      317.812      144.974      172.830      149.966      169.578
64456.8      320.701      144.975      172.832      149.965      169.573
63902.9      315.716      144.975      172.830      149.946      169.575
64182.7      316.020      144.975      172.830      149.938      169.592
64558.1      306.963      144.975      172.831      149.971      169.580
64400.0      312.329      144.974      172.831      149.952      169.590
64363.6      313.873      144.975      172.831      149.955      169.588
64137.4      315.795      144.974      172.830      149.951      169.572
64458.4      312.073      144.975      172.831      149.966      169.568
64362.0      312.545      144.975      172.831      149.970      169.580
64336.0      307.456      144.975      172.830      149.976      169.591
64252.2      304.667      144.974      172.830      149.966      169.586
64312.6      311.115      144.975      172.831      149.971      169.567
64448.4      312.052      144.975      172.831      149.953      169.579
64343.4      309.155      144.974      172.832      149.951      169.584
64339.3      313.637      144.975      172.830      149.952      169.563
64225.8      316.032      144.975      172.830      149.964      169.582
64333.7      317.029      144.975      172.832      149.962      169.577
64283.0      311.960      144.975      172.829      149.942      169.580
64389.5      312.428      144.975      172.831      149.955      169.566
64391.5      316.392      144.975      172.832      149.955      169.594
64584.2      308.979      144.975      172.829      149.957      169.582
64257.7      309.427      144.975      172.830      149.963      169.566
64193.1      317.695      144.976      172.832      149.971      169.583
64523.0      312.706      144.975      172.830      149.950      169.581
64047.4      313.087      144.975      172.831      149.948      169.589
64162.0      314.028      144.973      172.831      149.968      169.588
64250.7      305.931      144.975      172.830      149.965      169.584
64293.6      311.690      144.975      172.830      149.973      169.578
64256.2      314.097      144.975      172.830      149.945      169.581
64434.1      311.205      144.975      172.830      149.949      169.570
64335.3      316.967      144.975      172.831      149.963      169.581
64142.3      318.593      144.975      172.830      149.955      169.572
64244.6      311.162      144.975      172.830      149.968      169.584
64184.1      309.912      144.975      172.830      149.956      169.582
64295.5      318.898      144.975      172.830      149.952      169.573
64224.1      320.071      144.975      172.831      149.952      169.570
64336.1      315.549      144.975      172.831      149.967      169.580
64172.1      311.285      144.975      172.831      149.952      169.591
64326.7      316.969      144.975      172.829      149.948      169.576
64403.7      308.038      144.975      172.830      149.970      169.591
64212.0      311.933      144.975      172.831      149.977      169.578
64153.8      321.551      144.975      172.831      149.934      169.576
64269.8      312.378      144.974      172.832      149.955      169.588
64315.3      317.072      144.975      172.830      149.946      169.589
64321.1      311.139      144.975      172.830      149.964      169.568
64278.2      311.945      144.975      172.830      149.969      169.579
64342.2      315.969      144.974      172.831      149.939      169.595
64113.7      311.132      144.974      172.830      149.957      169.585
64236.4      309.396      144.975      172.830      149.954      169.581
64330.7      316.507      144.975      172.831      149.946      169.585
64182.4      314.040      144.975      172.831      149.970      169.578
64436.6      312.727      144.974      172.831      149.950      169.576
64403.7      314.012      144.975      172.830      149.962      169.581
64142.3      315.618      144.975      172.830      149.966      169.590
63957.9      314.278      144.975      172.831      149.958      169.575
64345.7      307.760      144.974      172.830      149.970      169.578
64309.4      319.737      144.975      172.831      149.958      169.583
64265.1      315.252      144.975      172.830      149.957      169.575
64157.6      312.571      144.974      172.831      149.955      169.573
64228.8      306.883      144.974      172.830      149.960      169.570
64252.5      315.231      144.974      172.831      149.945      169.585
64218.5      311.406      144.974      172.830      149.968      169.587
64129.4      321.208      144.975      172.830      149.952      169.577
64193.8      309.829      144.974      172.832      149.952      169.591
64295.1      310.031      144.974      172.830      149.960      169.574
64038.9      317.360      144.975      172.831      149.957      169.577
64315.4      313.888      144.975      172.831      149.956      169.580
63956.7      322.580      144.975      172.831      149.945      169.582
64303.9      314.722      144.974      172.830      149.952      169.573
64374.7      306.523      144.975      172.831      149.972      169.573
63972.0      313.043      144.975      172.831      149.938      169.563
64341.6      312.789      144.974      172.830      149.948      169.580
64236.4      310.179      144.975      172.831      149.965      169.570
64428.5      319.720      144.975      172.830      149.962      169.570
64426.0      303.251      144.976      172.830      149.961      169.569
64426.5      310.177      144.975      172.831      149.962      169.580
64392.9      310.951      144.975      172.831      149.950      169.577
64124.6      313.003      144.975      172.831      149.951      169.590
64259.0      309.183      144.975      172.830      149.970      169.577
64060.1      311.632      144.973      172.831      149.962      169.583
64383.1      314.813      144.976      172.831      149.962      169.576
64135.6      317.515      144.975      172.831      149.955      169.579
64324.0      311.953      144.975      172.830      149.945      169.576
64171.0      312.919      144.974      172.832      149.960      169.580
64312.1      307.500      144.974      172.831      149.968      169.568
64549.3      313.844      144.975      172.830      149.969      169.587
64114.4      316.181      144.973      172.830      149.938      169.588
64081.4      315.955      144.974      172.830      149.966      169.594
64107.3      310.169      144.975      172.832      149.955      169.573
63970.4      313.338      144.975      172.831      149.945      169.585
64253.4      312.292      144.974      172.830      149.966      169.584
64435.0      308.763      144.975      172.833      149.959      169.598
64313.0      313.687      144.975      172.831      149.956      169.574
64226.2      312.585      144.975      172.831      149.965      169.573
64337.1      316.438      144.974      172.831      149.964      169.580
64159.2      312.767      144.976      172.831      149.951      169.566
64192.4      313.067      144.975      172.829      149.966      169.587
64243.1      315.176      144.974      172.831      149.955      169.583
64266.3      319.528      144.975      172.830      149.954      169.589
64250.4      316.073      144.974      172.829      149.945      169.577
64307.8      315.765      144.974      172.831      149.964      169.573
64316.9      312.021      144.975      172.830      149.964      169.575
64326.0      313.423      144.975      172.829      149.946      169.561
64313.4      316.687      144.975      172.830      149.968      169.583
64331.3      306.870      144.974      172.829      149.976      169.589
64234.7      314.048      144.974      172.830      149.954      169.573
64276.3      317.238      144.974      172.832      149.987      169.584
64040.9      311.512      144.976      172.831      149.946      169.576
64357.0      316.754      144.975      172.832      149.952      169.587
64276.2      312.485      144.974      172.831      149.952      169.577
64294.6      305.880      144.975      172.830      149.978      169.582
64301.5      314.574      144.975      172.829      149.953      169.578
64366.0      313.170      144.975      172.830      149.974      169.578
64338.8      308.552      144.975      172.830      149.961      169.587
63962.4      310.812      144.975      172.831      149.971      169.577
64228.1      310.846      144.975      172.830      149.975      169.566
64127.6      321.302      144.975      172.831      149.950      169.580
64376.5      312.277      144.975      172.831      149.954      169.566
64293.8      313.049      144.975      172.831      149.966      169.574
64281.7      309.441      144.975      172.829      149.968      169.578
64163.6      313.702      144.974      172.832      149.937      169.584
64337.0      312.520      144.974      172.831      149.969      169.578
64524.4      314.459      144.975      172.831      149.962      169.595
64270.1      312.359      144.975      172.831      149.966      169.583
64298.0      306.816      144.975      172.832      149.957      169.587
64058.7      311.930      144.974      172.830      149.948      169.585
64216.2      318.980      144.975      172.832      149.965      169.583
63956.6      317.967      144.974      172.830      149.947      169.584
64255.1      317.229      144.974      172.830      149.948      169.582
64445.0      313.394      144.975      172.832      149.967      169.584
64219.7      314.442      144.975      172.831      149.955      169.588
64314.2      305.672      144.974      172.832      149.950      169.573
64282.9      311.558      144.976      172.831      149.948      169.573
64324.1      313.238      144.976      172.831      149.974      169.566
64144.2      316.031      144.975      172.831      149.946      169.571
64456.9      309.146      144.975      172.832      149.959      169.584
64333.4      317.349      144.975      172.830      149.960      169.583
64126.7      313.083      144.975      172.831      149.959      169.580
64346.2      316.077      144.974      172.830      149.961      169.570
64279.1      315.787      144.975      172.831      149.946      169.580
64249.7      317.402      144.975      172.830      149.948      169.579
64303.0      314.707      144.974      172.830      149.977      169.579
64357.2      311.815      144.975      172.830      149.964      169.583
64281.9      309.306      144.975      172.832      149.960      169.578
64220.2      319.044      144.975      172.831      149.943      169.578
64330.6      315.336      144.975      172.831      149.965      169.579
64330.4      312.595      144.975      172.831      149.948      169.577
64334.7      312.911      144.974      172.829      149.953      169.568
64328.3      310.753      144.975      172.832      149.964      169.568
64153.3      321.234      144.976      172.832      149.950      169.589
64290.6      316.282      144.974      172.832      149.941      169.591
64187.8      313.209      144.975      172.830      149.966      169.598
64425.7      307.747      144.975      172.832      149.964      169.587
64271.0      312.380      144.974      172.829      149.952      169.575
64218.1      312.087      144.975      172.830      149.959      169.580
64217.5      312.478      144.974      172.830      149.955      169.579
64520.4      311.873      144.974      172.831      149.961      169.595
64186.1      319.733      144.975      172.829      149.962      169.579
64261.0      315.307      144.975      172.831      149.954      169.599
64336.5      309.153      144.975      172.829      149.967      169.591
64504.4      313.734      144.974      172.830      149.962      169.589
64219.6      312.376      144.975      172.830      149.962      169.587
64170.9      313.169      144.974      172.831      149.960      169.573
64135.0      312.665      144.974      172.831      149.947      169.574
64226.7      304.043      144.975      172.830      149.949      169.582
64317.5      309.440      144.976      172.830      149.963      169.578
64164.6      317.099      144.974      172.830      149.944      169.576
64315.8      314.993      144.975      172.830      149.962      169.573
64244.2      315.468      144.974      172.832      149.951      169.578
64073.4      318.257      144.975      172.829      149.958      169.591
64190.1      309.804      144.976      172.831      149.965      169.584
64262.9      312.524      144.975      172.828      149.959      169.568
64391.2      320.402      144.976      172.830      149.925      169.577
64267.3      312.643      144.975      172.831      149.957      169.577
64123.2      318.951      144.975      172.831      149.963      169.580
64435.7      311.186      144.974      172.831      149.960      169.569
64206.6      316.148      144.974      172.831      149.956      169.595
64195.4      317.229      144.976      172.831      149.956      169.561
64314.4      312.575      144.974      172.832      149.948      169.572
64256.4      315.558      144.974      172.831      149.968      169.578
64301.7      317.058      144.975      172.831      149.969      169.573
64280.3      311.541      144.975      172.831      149.960      169.577
64375.3      306.652      144.975      172.831      149.970      169.571
64382.1      316.125      144.975      172.830      149.947      169.575
64173.8      313.792      144.975      172.831      149.955      169.587
64269.8      312.280      144.974      172.831      149.947      169.581
64092.3      311.212      144.975      172.832      149.956      169.571
64136.3      312.043      144.975      172.831      149.962      169.580
64202.8      316.872      144.976      172.831      149.955      169.591
64312.9      314.292      144.975      172.831      149.952      169.573
64640.3      305.371      144.974      172.830      149.955      169.576
64192.1      316.475      144.975      172.830      149.956      169.580
64254.5      313.097      144.975      172.830      149.959      169.590
64409.8      308.703      144.974      172.831      149.957      169.580
64346.1      312.564      144.975      172.832      149.957      169.566
64501.5      311.114      144.975      172.830      149.975      169.574
64282.7      310.775      144.975      172.830      149.971      169.588
64230.6      314.439      144.975      172.831      149.950      169.585
64175.2      316.387      144.975      172.831      149.957      169.573
64304.2      316.182      144.975      172.830      149.970      169.575
64090.1      315.054      144.975      172.830      149.964      169.579
64462.1      312.421      144.975      172.832      149.955      169.573
64205.9      314.298      144.975      172.831      149.965      169.587
64207.8      312.206      144.974      172.830      149.969      169.577
64380.4      309.118      144.975      172.830      149.968      169.574
64298.7      314.640      144.974      172.830      149.952      169.591
64245.7      318.776      144.973      172.831      149.956      169.573
64028.9      317.172      144.974      172.831      149.946      169.573
64236.9      313.429      144.974      172.832      149.960      169.575
64320.3      315.609      144.975      172.830      149.948      169.582
64371.3      312.099      144.975      172.832      149.962      169.569
64299.7      314.522      144.975      172.831      149.957      169.587
64208.9      312.942      144.974      172.831      149.945      169.576
64225.8      314.967      144.975      172.831      149.962      169.582
64425.9      309.538      144.974      172.830      149.950      169.581
64341.1      311.207      144.974      172.832      149.962      169.577
64511.9      308.958      144.975      172.831      149.956      169.567
64388.7      315.435      144.974      172.829      149.966      169.579
64331.2      310.532      144.975      172.832      149.962      169.575
64299.8      311.672      144.975      172.831      149.968      169.573
64355.4      310.219      144.976      172.831      149.959      169.570
64199.3      310.551      144.975      172.830      149.974      169.574
64243.4      311.747      144.975      172.829      149.970      169.575
64236.0      308.513      144.976      172.830      149.956      169.572
64339.8      314.634      144.976      172.831      149.978      169.585
64316.1      318.107      144.975      172.831      149.959      169.574
64377.2      311.666      144.974      172.831      149.972      169.562
64446.4      313.924      144.975      172.831      149.949      169.584
64149.3      315.651      144.974      172.831      149.956      169.580
63987.5      313.007      144.976      172.830      149.959      169.591
64347.8      313.963      144.975      172.831      149.968      169.569
64131.2      312.712      144.975      172.830      149.961      169.587
64233.9      310.235      144.975      172.831      149.952      169.595
64076.6      316.476      144.975      172.830      149.945      169.570
64420.7      310.589      144.974      172.832      149.948      169.574
64202.2      311.875      144.975      172.830      149.948      169.583
64378.3      313.484      144.975      172.831      149.959      169.569
64223.5      308.995      144.975      172.830      149.969      169.580
64435.3      312.751      144.975      172.831      149.952      169.589
64347.9      310.533      144.975      172.832      149.953      169.574
64372.9      309.772      144.975      172.831      149.957      169.580
64068.0      313.374      144.974      172.830      149.954      169.567
64440.6      307.414      144.975      172.831      149.966      169.594
64312.4      312.064      144.975      172.830      149.962      169.569
64271.2      318.492      144.975      172.831      149.956      169.580
64318.0      315.166      144.975      172.831      149.959      169.570
64189.2      319.787      144.974      172.830      149.957      169.574
64256.9      311.946      144.975      172.831      149.950      169.561
64119.1      314.600      144.974      172.831      149.939      169.582
64231.6      315.471      144.973      172.830      149.961      169.567
64087.9      321.595      144.975      172.831      149.950      169.573
64296.2      314.160      144.975      172.831      149.942      169.580
64134.9      314.910      144.974      172.831      149.950      169.592
64327.1      310.823      144.975      172.831      149.953      169.582
64197.9      313.621      144.975      172.830      149.945      169.582
64101.5      316.673      144.976      172.830      149.951      169.583
64391.0      316.582      144.975      172.830      149.959      169.577
64419.6      321.715      144.974      172.831      149.949      169.587
64383.1      313.826      144.974      172.831      149.960      169.585
64291.9      311.087      144.974      172.830      149.959      169.573
64219.3      313.486      144.975      172.830      149.954      169.587
64092.9      312.996      144.974      172.831      149.961      169.570
64277.9      314.098      144.975      172.830      149.962      169.588
64250.0      317.617      144.976      172.832      149.967      169.591
64107.5      318.545      144.975      172.830      149.943      169.592
63987.3      311.996      144.975      172.831      149.965      169.580
64345.9      313.600      144.975      172.832      149.972      169.571
64214.7      310.097      144.974      172.831      149.952      169.587
64134.6      311.915      144.975      172.831      149.962      169.573
64210.1      307.348      144.975      172.830      149.961      169.571
64408.7      307.854      144.975      172.831      149.960      169.573
64247.7      320.201      144.974      172.829      149.959      169.582
64263.1      314.511      144.975      172.833      149.964      169.567
64277.0      311.141      144.974      172.832      149.951      169.580
64485.2      305.678      144.974      172.831      149.966      169.586
64312.5      312.894      144.975      172.831      149.973      169.571
64309.4      316.422      144.975      172.832      149.955      169.585
64326.9      312.561      144.974      172.831      149.966      169.569
64198.8      309.365      144.975      172.830      149.973      169.585
64420.0      312.509      144.975      172.831      149.953      169.578
64158.6      310.293      144.975      172.831      149.946      169.594
64306.8      316.072      144.975      172.831      149.960      169.599
64400.0      307.455      144.975      172.831      149.969      169.573
64222.6      306.713      144.975      172.831      149.959      169.580
64382.3      319.215      144.975      172.832      149.960      169.571
64462.3      310.802      144.975      172.831      149.966      169.595
64375.0      309.048      144.974      172.831      149.956      169.577
64223.4      309.292      144.975      172.831      149.969      169.579
64085.0      307.885      144.975      172.829      149.952      169.572
64351.4      309.661      144.975      172.831      149.960      169.580
64009.1      315.742      144.974      172.831      149.957      169.577
64061.1      316.023      144.974      172.831      149.947      169.572
64529.7      309.889      144.975      172.831      149.970      169.581
64077.0      314.301      144.974      172.831      149.952      169.585
64350.0      316.368      144.975      172.830      149.979      169.577
64240.8      316.364      144.975      172.830      149.962      169.573
64350.6      313.250      144.974      172.832      149.956      169.574
64265.0      313.730      144.974      172.830      149.958      169.575
64435.7      306.946      144.975      172.831      149.959      169.580
64346.4      319.694      144.974      172.831      149.958      169.587
64105.7      318.467      144.975      172.830      149.960      169.568
64051.8      313.077      144.975      172.830      149.957      169.562
64409.7      309.729      144.975      172.831      149.970      169.563
64330.6      314.848      144.975      172.830      149.946      169.582
64315.0      310.846      144.975      172.831      149.948      169.584
64353.8      306.756      144.974      172.831      149.965      169.569
64266.3      310.676      144.975      172.830      149.951      169.590
64235.7      308.306      144.976      172.830      149.972      169.576
64478.3      318.921      144.975      172.831      149.969      169.573
64270.3      318.780      144.975      172.830      149.949      169.584
64392.8      312.560      144.974      172.831      149.962      169.590
64195.4      315.292      144.974      172.830      149.973      169.580
64318.2      316.973      144.975      172.830      149.972      169.584
64207.1      312.969      144.975      172.831      149.955      169.591
64383.5      313.307      144.975      172.830      149.968      169.577
64397.4      307.610      144.975      172.830      149.980      169.566
64316.4      313.155      144.974      172.831      149.955      169.570
64331.7      313.375      144.975      172.830      149.973      169.559
64082.0      310.549      144.976      172.831      149.966      169.572
64283.7      315.193      144.975      172.830      149.939      169.584
64265.2      314.733      144.975      172.832      149.966      169.570
64341.4      316.728      144.976      172.830      149.940      169.583
64189.9      311.964      144.974      172.831      149.965      169.575
64303.4      312.832      144.974      172.831      149.966      169.582
64134.8      311.541      144.974      172.831      149.954      169.575
64037.2      314.567      144.975      172.830      149.960      169.584
64139.0      315.602      144.974      172.831      149.955      169.565
64463.2      312.671      144.975      172.831      149.969      169.587
64357.1      309.207      144.976      172.830      149.958      169.573
64014.7      313.810      144.976      172.832      149.950      169.575
64179.3      312.591      144.975      172.831      149.975      169.573
64273.7      312.790      144.975      172.829      149.966      169.587
64168.3      313.099      144.975      172.830      149.962      169.595
64502.3      312.113      144.975      172.830      149.961      169.563
64299.2      314.847      144.974      172.828      149.951      169.573
64213.7      308.250      144.974      172.831      149.977      169.584
64161.3      313.017      144.975      172.832      149.973      169.594
64171.6      312.255      144.976      172.830      149.959      169.591
64196.0      316.656      144.975      172.831      149.945      169.561
64505.1      309.177      144.974      172.830      149.966      169.587
64175.8      310.697      144.975      172.831      149.939      169.587
64348.2      315.702      144.975      172.831      149.971      169.580
64476.0      305.884      144.975      172.831      149.974      169.580
64491.7      312.344      144.975      172.831      149.960      169.566
64443.0      310.992      144.975      172.831      149.939      169.573
64283.4      309.939      144.975      172.832      149.981      169.582
64272.1      314.031      144.975      172.830      149.945      169.573
64387.5      311.768      144.975      172.830      149.962      169.584
64246.4      312.495      144.975      172.832      149.962      169.573
64227.8      315.777      144.975      172.831      149.966      169.573
64306.6      314.093      144.976      172.830      149.948      169.598
64240.2      317.498      144.974      172.831      149.966      169.584
64384.9      308.103      144.974      172.830      149.955      169.573
64263.1      313.393      144.974      172.830      149.971      169.565
64279.4      307.733      144.975      172.831      149.959      169.570
64469.4      311.457      144.974      172.829      149.949      169.585
64441.7      316.790      144.974      172.831      149.956      169.586
64424.9      316.533      144.975      172.831      149.956      169.595
64182.6      309.905      144.975      172.832      149.962      169.583
64225.9      315.574      144.974      172.831      149.949      169.577
64362.6      313.480      144.975      172.831      149.957      169.585
64145.4      311.560      144.975      172.829      149.964      169.581
64290.6      311.974      144.975      172.832      149.959      169.581
63886.6      320.648      144.975      172.831      149.955      169.593
64086.3      310.555      144.975      172.831      149.957      169.583
64069.3      320.338      144.975      172.830      149.961      169.588
64293.9      312.165      144.975      172.832      149.956      169.591
64198.2      313.367      144.975      172.829      149.968      169.570
64283.1      311.382      144.973      172.832      149.958      169.566
64175.2      309.305      144.975      172.832      149.938      169.588
64384.1      308.098      144.974      172.831      149.962      169.586
64130.9      313.281      144.975      172.831      149.952      169.570
64559.4      310.761      144.975      172.830      149.966      169.570
64061.8      311.142      144.975      172.831      149.962      169.572
64101.5      313.988      144.974      172.832      149.969      169.580
64402.8      308.746      144.975      172.831      149.977      169.584
64124.0      315.703      144.974      172.830      149.956      169.581
64136.5      312.074      144.974      172.831      149.977      169.564
64324.0      309.396      144.975      172.830      149.947      169.582
64230.9      305.992      144.975      172.831      149.977      169.577
64041.3      316.049      144.975      172.830      149.960      169.584
64326.4      313.323      144.975      172.830      149.948      169.573
64128.1      312.382      144.975      172.832      149.954      169.584
64182.5      311.849      144.974      172.832      149.963      169.600
64421.0      309.319      144.976      172.831      149.966      169.579
64137.1      316.611      144.974      172.830      149.956      169.587
64292.4      318.691      144.975      172.831      149.968      169.584
64168.3      317.067      144.973      172.830      149.948      169.561
64302.2      314.601      144.975      172.833      149.941      169.580
64262.4      314.343      144.975      172.831      149.954      169.591
64061.2      315.326      144.975      172.831      149.956      169.593
64103.5      314.809      144.975      172.830      149.956      169.580
64337.4      308.749      144.974      172.831      149.987      169.575
64384.1      316.032      144.975      172.831      149.956      169.576
64288.9      310.646      144.974      172.830      149.973      169.578
64203.5      311.250      144.975      172.831      149.945      169.585
64336.3      307.778      144.975      172.831      149.977      169.581
64452.7      316.472      144.975      172.830      149.951      169.580
64159.6      309.908      144.974      172.831      149.958      169.581
64149.6      316.221      144.975      172.831      149.954      169.593
64253.9      316.685      144.974      172.829      149.958      169.568
64084.0      318.070      144.975      172.831      149.952      169.577
64302.2      309.724      144.975      172.831      149.950      169.574
64498.2      312.742      144.976      172.830      149.964      169.588
64250.8      314.452      144.974      172.830      149.955      169.587
64208.4      314.837      144.974      172.830      149.957      169.578
64482.8      310.200      144.975      172.830      149.967      169.580
64431.3      311.561      144.975      172.831      149.959      169.588
64394.3      308.522      144.974      172.830      149.966      169.579
64177.8      315.346      144.975      172.831      149.956      169.569
64321.9      315.662      144.975      172.830      149.955      169.570
64187.5      312.068      144.974      172.831      149.965      169.585
64156.8      315.323      144.974      172.832      149.954      169.582
64426.7      309.931      144.976      172.831      149.969      169.577
64234.5      317.782      144.975      172.832      149.953      169.579
64252.8      311.313      144.975      172.831      149.959      169.589
64340.0      315.470      144.975      172.831      149.966      169.580
64288.6      309.504      144.976      172.831      149.962      169.574
64214.2      312.621      144.974      172.830      149.961      169.580
64209.8      310.319      144.975      172.831      149.965      169.585
64355.2      310.147      144.975      172.830      149.973      169.579
64282.8      310.696      144.975      172.830      149.971      169.590
64220.3      313.340      144.974      172.830      149.941      169.572
64443.4      315.195      144.975      172.830      149.956      169.587
64448.3      311.192      144.974      172.831      149.961      169.573
64330.5      309.770      144.974      172.830      149.976      169.584
64478.1      313.967      144.974      172.832      149.976      169.579
64258.1      313.941      144.974      172.830      149.952      169.573
64356.5      312.947      144.974      172.831      149.958      169.583
64227.9      313.582      144.974      172.829      149.960      169.585
64249.5      314.405      144.974      172.831      149.967      169.569
64163.8      308.384      144.975      172.831      149.962      169.584
64245.1      312.919      144.974      172.831      149.961      169.584
64311.8      309.646      144.975      172.829      149.962      169.587
63971.7      313.604      144.975      172.830      149.956      169.576
64248.7      312.345      144.975      172.831      149.969      169.573
64176.4      316.405      144.975      172.830      149.969      169.580
64396.5      311.194      144.974      172.831      149.952      169.573
64281.9      309.734      144.975      172.831      149.970      169.582
64169.5      309.287      144.975      172.831      149.968      169.571
64119.9      313.608      144.975      172.832      149.965      169.578
64098.7      322.549      144.975      172.830      149.956      169.576
64206.2      309.833      144.975      172.830      149.964      169.580
64232.7      316.386      144.975      172.830      149.962      169.596
64516.0      313.380      144.976      172.831      149.965      169.572
64269.3      315.984      144.976      172.831      149.953      169.581
64274.2      316.898      144.975      172.831      149.945      169.589
64317.9      312.355      144.976      172.830      149.964      169.577
64274.6      316.439      144.974      172.832      149.951      169.577
64300.6      309.795      144.976      172.830      149.958      169.567
64475.1      309.267      144.975      172.830      149.967      169.577
64326.8      315.123      144.976      172.830      149.941      169.586
64250.7      313.893      144.975      172.831      149.952      169.574
64013.1      317.481      144.975      172.830      149.955      169.573
64300.3      315.527      144.975      172.831      149.960      169.566
64548.5      315.351      144.974      172.830      149.968      169.576
64254.3      313.226      144.974      172.832      149.942      169.567
64306.0      313.850      144.976      172.830      149.962      169.577
64324.9      317.131      144.976      172.831      149.962      169.580
64291.0      306.255      144.974      172.831      149.968      169.576
64150.8      321.126      144.974      172.832      149.970      169.584
64224.4      311.080      144.974      172.830      149.959      169.582
64398.9      309.372      144.974      172.831      149.977      169.577
64350.3      308.023      144.975      172.829      149.955      169.574
64371.0      313.973      144.974      172.832      149.963      169.566
64248.3      311.971      144.975      172.831      149.959      169.586
64301.6      311.676      144.976      172.830      149.955      169.573
64336.4      312.588      144.975      172.831      149.959      169.569
64287.5      317.139      144.974      172.831      149.970      169.576
64259.4      310.974      144.975      172.830      149.963      169.584
64226.1      318.260      144.975      172.830      149.963      169.588
64266.7      315.989      144.975      172.830      149.942      169.573
64186.3      317.498      144.974      172.830      149.955      169.583
64322.4      310.124      144.974      172.831      149.965      169.580
64276.1      317.590      144.975      172.830      149.959      169.578
64203.1      312.430      144.974      172.831      149.944      169.582
64341.6      310.944      144.974      172.831      149.954      169.585
64118.2      314.521      144.975      172.830      149.950      169.577
64119.0      312.490      144.975      172.831      149.959      169.584
64104.0      314.481      144.975      172.831      149.962      169.591
64312.7      310.244      144.975      172.831      149.973      169.574
64138.2      309.274      144.975      172.830      149.956      169.584
64292.6      312.948      144.975      172.831      149.970      169.571
64238.7      313.080      144.975      172.832      149.957      169.575
64362.9      311.425      144.975      172.832      149.968      169.579
64323.2      304.502      144.975      172.832      149.965      169.580
64197.1      313.938      144.975      172.832      149.953      169.586
64158.2      311.936      144.975      172.831      149.965      169.577
64283.2      318.067      144.974      172.831      149.944      169.576
64143.5      313.713      144.974      172.831      149.953      169.580
64099.5      315.982      144.975      172.831      149.963      169.576
64285.7      320.901      144.974      172.830      149.942      169.580
64109.5      307.792      144.974      172.830      149.958      169.582
64311.6      318.606      144.975      172.831      149.958      169.580
64302.1      318.490      144.975      172.831      149.955      169.572
64370.3      313.160      144.975      172.830      149.960      169.585
64123.1      312.395      144.975      172.832      149.952      169.574
64280.9      308.925      144.974      172.830      149.959      169.580
64284.1      310.218      144.975      172.832      149.963      169.573
64254.3      307.858      144.976      172.832      149.971      169.589
63958.6      317.815      144.975      172.831      149.948      169.580
64266.6      312.878      144.974      172.831      149.960      169.582
64414.5      313.703      144.975      172.831      149.961      169.577
64165.8      312.409      144.974      172.832      149.960      169.581
64411.6      317.994      144.976      172.829      149.962      169.568
64301.7      311.059      144.975      172.830      149.977      169.584
64124.1      308.413      144.975      172.831      149.972      169.570
64396.8      312.950      144.974      172.830      149.958      169.570
64294.8      312.932      144.975      172.831      149.965      169.567
64409.9      320.606      144.974      172.830      149.952      169.592
64522.9      314.909      144.974      172.831      149.949      169.589
64556.6      310.793      144.975      172.831      149.980      169.584
64400.1      312.811      144.975      172.831      149.957      169.576
64333.1      312.074      144.975      172.830      149.949      169.582
64166.8      311.505      144.975      172.831      149.981      169.575
64140.4      313.249      144.975      172.831      149.952      169.584
64189.6      316.972      144.976      172.830      149.951      169.582
64298.8      313.050      144.974      172.830      149.973      169.587
64343.4      310.558      144.976      172.832      149.954      169.581
64210.7      314.197      144.973      172.829      149.954      169.574
64191.0      310.092      144.975      172.831      149.944      169.594
64269.7      313.479      144.974      172.830      149.963      169.566
64338.2      312.053      144.975      172.831      149.957      169.579
64135.7      319.933      144.975      172.831      149.963      169.582
64186.2      314.783      144.974      172.831      149.966      169.573
64315.7      322.081      144.975      172.830      149.950      169.598
64341.6      315.581      144.975      172.831      149.966      169.562
64469.9      315.978      144.973      172.830      149.948      169.570
64168.7      310.376      144.975      172.830      149.962      169.583
64410.6      312.784      144.975      172.830      149.959      169.570
64468.2      307.290      144.975      172.830      149.941      169.573
64141.9      313.658      144.975      172.830      149.944      169.590
64359.9      315.566      144.975      172.832      149.948      169.588
64182.9      314.772      144.975      172.831      149.952      169.583
64084.1      317.370      144.975      172.830      149.956      169.588
64407.0      321.078      144.974      172.831      149.954      169.568
64107.9      320.901      144.974      172.832      149.952      169.590
64497.5      309.216      144.974      172.831      149.963      169.583
64254.6      309.976      144.975      172.830      149.955      169.580
64218.0      314.450      144.975      172.831      149.963      169.577
64201.6      315.103      144.975      172.832      149.962      169.573
64334.9      311.789      144.975      172.830      149.952      169.567
64165.9      309.964      144.975      172.830      149.955      169.560
64332.8      309.607      144.975      172.832      149.972      169.566
64390.1      313.608      144.976      172.830      149.962      169.592
64408.4      313.492      144.975      172.830      149.956      169.573
64161.5      313.350      144.974      172.831      149.952      169.584
64192.6      312.254      144.975      172.829      149.968      169.573
64314.3      314.706      144.975      172.831      149.952      169.565
64149.5      310.054      144.976      172.830      149.949      169.575
64091.4      310.269      144.974      172.830      149.969      169.582
64186.2      312.294      144.974      172.829      149.944      169.580
64148.6      313.063      144.974      172.831      149.970      169.573
64186.6      314.317      144.974      172.830      149.961      169.576
64176.6      307.589      144.975      172.832      149.968      169.569
64158.7      309.179      144.975      172.830      149.948      169.582
64134.2      315.624      144.975      172.830      149.952      169.566
64339.6      312.966      144.974      172.832      149.962      169.583
64177.2      319.009      144.974      172.829      149.954      169.600
64195.9      314.622      144.975      172.830      149.948      169.571
64324.4      309.846      144.975      172.830      149.945      169.586
64287.4      314.241      144.975      172.830      149.964      169.586
64290.0      310.625      144.975      172.831      149.978      169.573
64348.9      311.500      144.975      172.832      149.951      169.584
64515.9      306.586      144.975      172.831      149.971      169.572
64193.3      310.046      144.974      172.830      149.955      169.598
64392.0      311.909      144.976      172.830      149.971      169.583
64313.7      316.041      144.974      172.831      149.950      169.584
64297.7      315.633      144.974      172.829      149.947      169.589
64336.6      308.968      144.975      172.830      149.962      169.586
64122.2      309.774      144.974      172.831      149.969      169.587
64403.1      312.856      144.975      172.829      149.968      169.558
64281.7      307.990      144.975      172.830      149.952      169.577
64287.9      314.660      144.975      172.830      149.970      169.580
64107.2      320.102      144.974      172.830      149.964      169.584
64186.4      312.260      144.976      172.831      149.955      169.577
64302.3      312.896      144.975      172.831      149.973      169.573
64376.0      308.222      144.975      172.831      149.980      169.570
64581.4      311.447      144.975      172.830      149.957      169.586
64487.3      318.853      144.974      172.831      149.943      169.591
64247.7      318.340      144.974      172.832      149.960      169.573
64401.5      310.317      144.974      172.831      149.951      169.560
64379.6      309.956      144.975      172.829      149.958      169.575
64190.4      318.084      144.975      172.831      149.950      169.571
64170.9      308.431      144.975      172.830      149.968      169.574
64265.3      312.307      144.975      172.832      149.962      169.578
64470.7      308.661      144.974      172.831      149.943      169.584
64252.4      316.031      144.975      172.830      149.949      169.577
64272.5      314.939      144.974      172.831      149.959      169.584
64286.1      311.640      144.974      172.831      149.953      169.572
64433.7      305.639      144.975      172.830      149.966      169.563
64344.2      308.436      144.975      172.831      149.971      169.580
64357.1      317.433      144.975      172.832      149.961      169.575
64498.9      312.915      144.975      172.831      149.963      169.578
64443.8      312.330      144.975      172.831      149.952      169.579
64216.4      310.705      144.974      172.832      149.962      169.579
64169.5      308.500      144.973      172.832      149.975      169.576
64129.4      313.016      144.975      172.831      149.969      169.598
64410.1      310.712      144.974      172.830      149.944      169.577
64482.5      311.025      144.974      172.830      149.967      169.579
64414.8      315.296      144.974      172.831      149.971      169.586
64280.8      321.366      144.974      172.830      149.959      169.584
64419.0      316.053      144.976      172.831      149.939      169.589
64461.6      314.571      144.974      172.830      149.965      169.585
64326.6      315.207      144.975      172.830      149.973      169.577
64190.3      306.843      144.975      172.830      149.965      169.582
64510.0      311.210      144.974      172.829      149.967      169.566
64279.7      313.957      144.975      172.831      149.962      169.577
64318.7      315.281      144.975      172.830      149.966      169.582
64280.2      307.548      144.976      172.831      149.965      169.579
64479.4      309.815      144.976      172.830      149.970      169.580
64057.5      314.670      144.975      172.831      149.940      169.588
64352.6      312.985      144.975      172.832      149.959      169.574
64091.7      311.740      144.974      172.831      149.975      169.573
64191.7      311.694      144.975      172.831      149.972      169.577
64362.4      313.758      144.975      172.830      149.955      169.584
64027.8      307.875      144.974      172.831      149.961      169.588
64332.0      314.132      144.975      172.832      149.958      169.587
64302.4      313.345      144.974      172.830      149.965      169.567
64011.0      305.240      144.974      172.831      149.984      169.579
64340.1      306.341      144.974      172.831      149.965      169.571
64312.1      309.531      144.974      172.831      149.959      169.570
64127.2      316.012      144.975      172.831      149.959      169.586
64157.7      316.659      144.976      172.830      149.959      169.586
64045.0      315.772      144.974      172.830      149.943      169.573
64331.8      308.896      144.975      172.831      149.966      169.581
64277.1      315.601      144.974      172.831      149.960      169.577
64378.4      314.428      144.974      172.832      149.966      169.587
64187.9      312.549      144.975      172.829      149.959      169.573
64378.0      313.489      144.975      172.831      149.953      169.584
64286.8      310.490      144.976      172.831      149.970      169.591
64283.6      310.388      144.975      172.830      149.960      169.572
64483.6      302.049      144.976      172.832      149.973      169.558
64391.4      313.365      144.975      172.831      149.961      169.577
64096.0      316.123      144.975      172.831      149.955      169.587
64457.7      312.627      144.974      172.830      149.961      169.588
64332.1      312.431      144.974      172.829      149.955      169.570
64417.0      313.718      144.974      172.831      149.973      169.563
