    -0.424054      1.97292   0.00324687   0.00136030
    -0.375086     0.348742   0.00499898  -0.00483179
     -6.34197      4.55737   0.00609064   0.00202179
    -0.940475    -0.227115  -0.00354028   0.00661045
      1.59980     -2.80833   0.00420427  -0.00662184
      16.0460      6.52141  -0.00275612  0.000742435
     0.190862    -0.933102  -0.00801584  -0.00334531
     -15.5326      7.38594  -0.00140190  -0.00385714
      10.0151      11.2998 -0.000945091  -0.00603580
      12.6361      6.35814   0.00535297  -0.00460052
     -1.26153     0.941215   0.00771976   0.00292248
      6.86002    -0.880927   0.00688171  -0.00530303
    -0.345020      2.87054   0.00600040   0.00552487
      2.22747     -9.55613  -0.00801349  -0.00199318
   -0.0562319     0.772677   0.00339072   0.00661200
      4.67963     -6.85597   0.00670576  -0.00578165
      3.82537     -2.65634   0.00763512  -0.00492954
      2.20148     0.664944  -0.00816059   0.00515294
      1.02210     0.845389  -0.00131452   0.00597531
     -2.05911     -1.32531   0.00355768   0.00542879
     0.404985     0.576826  -0.00401419   0.00271785
      2.24345      13.8162  -0.00786662   0.00647545
     -11.7507     -5.10757  -0.00780582   0.00507975
     -2.95381      8.50663  -0.00276399  0.000226021
     -7.66912      2.38805  -0.00642872  -0.00381112
      3.15176    -0.165888  -0.00714445   0.00615904
      4.32622      1.32381  -0.00657988  -0.00545502
     -4.71192     0.249059  -0.00747299  -0.00645980
      2.32196     0.674575  -0.00666404   0.00539434
      1.23100     -23.2202  -0.00795126   0.00664902
     -4.74963     -5.68079  -0.00784445  -0.00558329
      2.43853     -2.93341  -0.00263643  -0.00329423
      1.81618      2.02326   0.00786293  -0.00114465
      2.94400     -3.35564   0.00337625   0.00464129
      4.12206     0.185041  -0.00652170  -0.00652809
      5.37762     -6.06211  -0.00494480   0.00307751
     -1.61138     -1.65683  -0.00461721  -0.00497019
    -0.831598     0.748657  -0.00749832   0.00639373
     -6.81568     -13.8800  -0.00788403  -0.00536633
      4.29254    -0.659049  -0.00742674  -0.00504380
     0.426215    -0.300333  -0.00311887   0.00602195
     -5.39277     -1.18933   0.00449371   0.00657666
     -5.42781     -1.00575   0.00307989  0.000290751
    -0.595944    -0.321824  -0.00404668   0.00549397
     -1.27805     -3.59729   0.00752628  -0.00338435
     -1.66613    -0.582897  -0.00633907  -0.00290322
      5.42629      3.66318  -0.00312424   0.00511861
     -3.84331      1.38740  -0.00728989  -0.00383484
     -1.43928    -0.341583   0.00260687   0.00495857
      9.64866     -5.35089   0.00579643   0.00475502
    -0.396443     0.240636   0.00432259  -0.00652006
      4.78953     -10.6705   0.00808954  -0.00530624
      5.68298      9.42447   0.00681686  -0.00264454
      10.0818     -1.73052  -0.00490189  -0.00629914
     -10.9749      6.09114  -0.00153732  -0.00452137
     -1.99821     -7.89214 -0.000127792  -0.00511980
      2.34827     0.456580  -0.00588989  -0.00153276
     -6.57021     -4.67936  -0.00301504  -0.00549746
      18.4555     -2.97043  -0.00190163  -0.00144410
     0.223441      1.92393  -0.00802509   0.00374520
    -0.667355     0.582900  -0.00635135   0.00288469
      5.68341     -9.00719   0.00684690  0.000373840
      3.86391      3.28712   0.00678563  -0.00613236
     -4.98037     -4.07478  -0.00118160   0.00369358
     -2.11752     -11.8061   0.00635839  -0.00666142
   -0.0263247    0.0929596   0.00157495  -0.00461122
     0.123737    -0.390835  -0.00650399   0.00371987
      5.54511      4.18463   0.00189734  -0.00649929
     -3.48626     -1.10348  0.000600576   0.00498700
      3.79883    -0.283747   0.00820088   0.00617436
     -4.87632     -4.14885  -0.00651121   0.00585699
     0.116979     0.263665  -0.00639877  -0.00634891
      14.5752      6.98566   0.00321102  0.000734329
     -10.9688     -10.3220  -0.00187492   0.00548553
      11.1682     -2.96983  -0.00753117  -0.00152779
    0.0724526   0.00418554  -0.00432979 -0.000218259
     -15.2119     -3.56460   0.00810242  -0.00226450
      3.09789      5.66195  -0.00580215   0.00508881
     0.324159     -21.7542  -0.00664666  -0.00648689
     0.608385      2.04803   0.00449973  -0.00239468
     -3.29030      11.7490   0.00744820   0.00644207
     0.536532      1.02872   0.00155377  -0.00143588
     -1.83245      1.42087  -0.00751483  -0.00278962
     -2.68582     -3.76561  -0.00694513  -0.00655746
      1.27276     0.577475  -0.00757265   0.00271034
      5.10160     -1.74359  -0.00602007  -0.00641119
     -2.63927     -2.46997  -0.00547957   0.00105190
     -6.50775      2.10593 -0.000348568  -0.00507069
      1.37575      7.71294  -0.00497258   0.00614786
     -1.03753    -0.849593   0.00223291  -0.00590593
     -6.44706     -7.27789   0.00229359   0.00621796
     -4.13275      4.50915   0.00671577  0.000330448
     -1.19126     -4.52105   0.00799763 -0.000728130
     -1.30824    -0.184885   0.00712669   0.00652505
     -6.07143    0.0105257   0.00426245 -0.000523592
      6.21209      6.25138  -0.00814390  -0.00644207
     0.756509      7.75510   0.00789571   0.00649452
      5.77080      7.56433   0.00799561   0.00226450
     0.282522     0.146663  -0.00753552  -0.00584696
      5.05885     -5.78587  -0.00355244  -0.00670099
     -1.95511    -0.660196  -0.00271821  -0.00505704
      8.40944      7.62849  -0.00382328   0.00425577
    -0.295949     -2.87066   0.00734407  -0.00551200
      6.64333     -8.38687   0.00562286   0.00381279
     -1.52875     0.622837  -0.00119174   0.00413126
     -2.84803      5.90601  -0.00714993   0.00463629
     -8.68615    -0.161303  -0.00690746   0.00609025
     -7.68976      2.50504  -0.00703001  0.000161648
     0.452513     -3.64413  -0.00204328  -0.00464630
      1.36358     -2.49316  -0.00539637  0.000228643
     -5.10546     -4.13838   0.00611448   0.00569344
     0.141524   -0.0741744  -0.00692651   0.00366350
    -0.713598    -0.940154  -0.00748646  -0.00299209
     -3.32035      8.33025   0.00671721  -0.00527954
      5.97174     -9.19680   0.00173759   0.00671864
      7.32416     -4.63494  -0.00663948  -0.00441360
    -0.673447    -0.222383  -0.00651532   0.00663906
     -15.0674      8.14782   0.00399971  -0.00586033
      10.7621     -22.3486   0.00792313   0.00482559
      13.8356     -7.25282   0.00745964   0.00643349
     -1.49733     -8.37923  0.000133634   0.00401402
      2.76146     -2.90033   0.00789380  -0.00493169
    -0.458096    -0.173456   0.00181252   0.00631073
     -1.87415     -1.54099  -0.00659072  -0.00145566
  -0.00755664   -0.0589419  0.000476560   0.00292690
     -5.89445      7.43403  -0.00609684  -0.00232792
      1.02315      1.93616  -0.00139260   0.00316012
    -0.400766     0.730290   0.00423631   0.00626737
      1.08147      1.47584  -0.00486779 -0.000853419
     -6.38292      4.45933   0.00478125  -0.00141859
      2.97331     0.341269   0.00157714  -0.00501111
      6.41522     -10.1012  -0.00359583   0.00496483
      2.89288     -2.11824   0.00615621   0.00531411
     0.305209    -0.399764  -0.00716668   0.00346315
     -2.92427     -2.32764  -0.00449705   0.00534821
      4.71126      9.21469   0.00740910  -0.00667953
      2.27409      6.42573  -0.00759339  -0.00264692
      8.77811     -3.62958   0.00802422  -0.00425124
      1.79799      4.61521   0.00818992   0.00388813
    0.0150290      10.7667 -0.000884145   0.00656700
     -3.12475     0.447130   0.00654483  -0.00184849
     -1.83202      2.52691  -0.00750673  0.000923634
    -0.152467     -3.29813   0.00720286   0.00606203
     -3.90013      4.41196  -0.00595307  -0.00309277
     -6.49766      7.29963  7.05719e-05  -0.00602913
     -2.16063    -0.149557   0.00738430   0.00589502
     0.745898     -6.09260   0.00779462   0.00458908
     0.464778     -3.64433  -0.00152102  -0.00464320
     -3.12694      10.7006   0.00662780   0.00603580
     0.232487      1.00446  -0.00797728 -0.000236630
     -1.09801     0.733152   0.00585830   0.00631917
      4.00674      14.0970 -0.000433445  -0.00480747
     0.995833      19.4794  0.000253320 -0.000720978
     0.856172      1.05539   0.00697994  -0.00275111
     0.635851     -1.20780   0.00540715   0.00673413
     0.993332      1.08351  0.000388980  -0.00414169
      3.35717    -0.764883  -0.00562859  -0.00655597
     0.675137      11.8489   0.00661069   0.00591850
      1.89345    -0.284503   0.00614321   0.00618294
      3.03242     -2.40985  -0.00193334   0.00315475
     -12.9789     -6.84544  -0.00130844  -0.00598907
     -1.57826      2.68224  -0.00331783   0.00559092
     -2.25978     -9.94415   0.00770903  -0.00277901
     -6.43131      5.92540   0.00294924   0.00366116
     0.263768    -0.144938  -0.00766426   0.00579286
      7.85749    -0.368210   0.00697756   0.00431809
     -4.44196     -9.49109   0.00246477  0.000261307
     -1.61460      4.23025  -0.00473773  -0.00658274
    -0.783466      4.56960  -0.00808376   0.00241995
    0.0717844      2.92943  -0.00427954   0.00348878
      3.90190     -8.59438   0.00582600  -0.00329304
    -0.222975    -0.240164   0.00806989   0.00652155
     -10.3109     -9.76871   0.00698662  -0.00656223
     -8.04732      1.72513   0.00287342   0.00624871
     0.806586    -0.748911   0.00801951  -0.00644469
      2.20341     -5.38150  -0.00815225   0.00395393
      5.70399      2.08878   0.00734711  -0.00438595
   -0.0104514      1.46864  0.000624755  -0.00109935
     -3.21190     -1.05607   0.00812364   0.00280344
      8.35733      6.94875  -0.00558472   0.00254679
      26.6525     -5.32601   0.00592613   0.00540686
     0.147149     0.211170  -0.00708829  -0.00672556
      4.47501      7.96683  -0.00105190   0.00167608
     0.642135     -1.20407   0.00560796   0.00674820
     -5.06035     -1.08311   0.00362968   0.00411582
     0.600211     -4.61340   0.00422049  -0.00383282
     -1.39705    -0.338784   0.00434530   0.00504360
     0.359011      1.51052  -0.00554112  0.000362277
     -5.28477      1.95682   0.00748634   0.00217795
     0.524388     -2.37533   0.00105584   0.00411510
    -0.109737   0.00590577   0.00619042 -0.000290533
     -7.42472     -1.37015   0.00322390   0.00427449
      12.8748      14.3037   0.00653839  -0.00593472
   -0.0371827    -0.597037   0.00220955  -0.00339663
     0.403890    -0.431008  -0.00405625   0.00244954
     -2.72926     -2.98100  -0.00763726 -0.000959635
     0.445441     0.220945  -0.00235578  -0.00665009
     -12.0225     -17.7314   0.00132942  -0.00628471
      7.21146     -1.49973  -0.00812149 -7.51019e-06
     0.468784     0.404370  -0.00134656  -0.00334576
     -1.60292     -2.02624  -0.00433099   0.00131154
     0.174897    0.0920197  -0.00768369  -0.00456397
    0.0485175     0.148770  -0.00293949  -0.00590150
    0.0659400     0.495552  -0.00394356 -0.000159979
     -3.47777      6.58764  0.000915766   0.00297880
      5.13740     -3.43034  -0.00683451   0.00242448
      1.34012    -0.345971  -0.00611937   0.00487557
      6.40288      6.98266  -0.00412130  0.000860691
      3.79535      2.30521   0.00813246  -0.00587440
     -2.06702     -7.03796   0.00401402   0.00190544
     0.863755     0.252874   0.00679672  -0.00640678
     -4.69211     -16.7291  -0.00713682  -0.00628281
      2.30768     -4.42333  -0.00710058   0.00266314
    0.0700762   -0.0616713  -0.00417352   0.00304700
    -0.352698     0.171167   0.00571287  -0.00625734
     -8.86362      10.8782  -0.00680256   0.00536346
     0.117359    -0.759850  -0.00641271  -0.00652254
      5.06899      3.83457  -0.00409937   0.00616145
     -15.5842      1.64217  -0.00356960   0.00457132
     -6.18882      2.67159   0.00797033   0.00534821
    -0.279453      5.39592   0.00751117  -0.00357342
      3.27335     -12.1617  -0.00757742   0.00608730
     -8.68070      2.00734  -0.00677109 -0.000386477
     -4.10099      9.33748   0.00596237  -0.00510025
     -8.90927     -3.65188  -0.00541782  -0.00485468
     -4.40558     -3.82616   0.00398064  -0.00633216
     -6.77994      5.21654  -0.00808573  -0.00669765
    -0.130755      2.39788   0.00668535  -0.00353456
    -0.276088     -1.12677   0.00757933   0.00545847
    -0.629978      9.98857  -0.00520003  0.000576973
      4.58492     -1.53105   0.00361347  -0.00108933
     -4.48540     -9.90299  0.000600338  -0.00479794
     -1.05308    -0.497632   0.00318015  8.84831e-05
      6.61967     -6.33128   0.00489140   0.00527239
     0.679523      1.70408   0.00675613   0.00606811
     0.101096      3.16682  -0.00602575  -0.00620246
      1.83786     -2.19263   0.00741136   0.00665879
     -2.17482      7.11363   0.00764489  -0.00521135
     0.992487      1.52145  0.000463426  0.000748158
     0.790309    0.0772599   0.00811428  -0.00381932
      1.04479      14.1038  -0.00271547  -0.00503445
     -5.32649     -2.73774   0.00651073  -0.00634432
     -6.29162     -1.40155   0.00741291   0.00343335
     -1.32931     -32.3705   0.00648034   0.00425339
     0.409695      1.09038  -0.00385684  -0.00446081
     -4.21125     -2.64144   0.00810480  -0.00456905
      3.47291      1.68444  -0.00112033   0.00568545
      4.24480      12.2754  -0.00788927  -0.00624943
      3.78045    -0.836019   0.00803518  -0.00612837
     -1.12990     -2.88508   0.00665271  -0.00524402
    -0.600390     0.226864  -0.00426990  -0.00658800
      7.04581    -0.505667  -0.00275373 -0.000207424
     0.809481    -0.986486   0.00797033 -0.000666201
      2.53782    -0.682260   0.00158525  -0.00562102
     -2.31130      1.75375   0.00702691   0.00648034
     0.129270      1.96980  -0.00665809   0.00149858
     -1.99445     -12.1469 -0.000314593   0.00584126
     -1.57036     -6.53365  -0.00300777  -0.00118303
      8.04218     -1.32210  -0.00251579   0.00550592
     0.368497      10.7325  -0.00495675   0.00628567
     -2.07560      3.85765   0.00453496   0.00576687
      1.19988      3.10753  -0.00821447  -0.00511718
     -6.72041      2.34939  -0.00754547  -0.00481796
     -3.49686      2.40480  0.000126600  -0.00332618
     -4.27601     -1.67042   0.00754261  -0.00530314
     -7.17439     -8.64015   0.00763035  -0.00452328
     -13.1913     -2.67913   0.00799179  -0.00550389
     -3.08481     -5.92183   0.00503850  -0.00387812
     -1.28633   -0.0652713   0.00747466   0.00324436
     -1.96074     -3.33460  -0.00234795   0.00517368
     -4.83649     -6.42501  -0.00741386   0.00261402
     -5.41886     0.819008   0.00348759   0.00642419
      6.69283      2.26727   0.00709391  -0.00628543
     -4.46754    -0.272624   0.00139713   0.00623646
    -0.680541      1.03218  -0.00677580  -0.00161743
      1.78787     -9.88183   0.00809538  -0.00529957
    -0.245209    0.0389862   0.00784315  -0.00193790
      18.8740      9.54513   0.00659561   0.00158787
    -0.769848     0.170251  -0.00801504  -0.00627203
      3.98931      4.90141  0.000668764   0.00486994
      2.61111     -1.93298   0.00458503  -0.00332725
      4.14647     -4.94166  -0.00705147  -0.00291681
      3.96102     -7.49326   0.00234675  0.000243664
     -2.38022      5.51944   0.00486541  0.000686646
     -5.21266      31.0508   0.00809717  -0.00251579
     -2.50470     -6.49228 -0.000200748  0.000264168
     0.666478    -0.194640   0.00635827   0.00668235
    -0.576427     -1.53579  -0.00326949  -0.00125742
    -0.517140      3.42649 -0.000743389  -0.00258112
      1.31600      7.37981  -0.00687206  -0.00401640
     -11.6709     -9.69381  -0.00648785  -0.00588608
      6.05423     -7.24046  -0.00323153   0.00651312
     -3.11784      9.64928   0.00640512   0.00477886
      4.60131      3.24729   0.00425339  -0.00645995
     -4.85327      3.17799  -0.00708008  -0.00640368
     -2.49157     -3.44573  0.000358582   0.00189710
     -3.93478     0.349514  -0.00391078  -0.00481761
    -0.331851      2.03100   0.00638124  -0.00154614
     -1.78665      7.81887  -0.00808704   0.00643015
     -12.4532      5.39793   0.00197124  -0.00359535
     -5.25433      2.24165   0.00773716  -0.00649929
      8.02001     -4.42797  -0.00120163   0.00252199
     -2.86081      14.3592  -0.00690866  -0.00456333
     -14.1017     -5.90445   0.00598621  -0.00471783
      3.07026    -0.977000  -0.00420046  -0.00116444
     -3.01644     0.636822   0.00102472   0.00445157
    -0.121054     0.469170   0.00646053  -0.00106835
    -0.887351    -0.917569  -0.00611168  -0.00403118
     -7.94344     -15.0381  -0.00339603   0.00189590
    -0.568240    -0.113395  -0.00289667   0.00522586
     -2.19969     -2.97126   0.00817871  -0.00142694
    0.0990780   -0.0632846  -0.00588499   0.00313447
      7.64760     -8.23334   0.00577641   0.00656605
     -4.04920     -5.20038   0.00298500   0.00677967
      26.6718    -0.578256   0.00648689  -0.00273800
     -3.30536     -1.33741   0.00718760   0.00511575
     -4.44682      6.58949   0.00228357   0.00312185
     0.189832    0.0462861  -0.00799343  -0.00232554
     -4.27056      5.59606   0.00763226   0.00335550
   -0.0175965    0.0833596   0.00107124  -0.00411304
    -0.468074     -2.81998   0.00133860  -0.00643301
     -2.04912    -0.723482   0.00292110  -0.00622416
     -3.14884     -2.20697   0.00712681   0.00675702
    -0.684657      1.88758  -0.00687134   0.00518489
     -8.56417      4.92537  -0.00272465   0.00368738
     -6.35201      4.74347   0.00578928   0.00640774
      2.36345      11.5259  -0.00539660  0.000898361
      7.98080     -12.9507   0.00116110  -0.00245571
    -0.415325  -0.00496258   0.00361261  0.000262878
     -2.54788     -5.12587  -0.00201488   0.00543594
    -0.194089     -1.27477   0.00808482   0.00625658
     0.124339      1.08111  -0.00657965  -0.00403464
     -10.0257     -3.44656   0.00156116   0.00187016
     -3.98017     -7.54106  -0.00120282  -0.00144005
     0.366070     -14.5972  -0.00533718  -0.00339985
    0.0176148     0.490260  -0.00107428 -0.000346184
      2.30132     0.471977  -0.00729394 -0.000991583
      11.1534    0.0559748  -0.00721741  -0.00279787
      2.29829     -2.34062  -0.00733066   0.00500536
      2.79455      1.42328   0.00814152  -0.00267971
     -1.01072      11.2943  0.000616312  -0.00608635
     -3.23624     -9.14373   0.00797939   0.00579357
     0.943287      1.29596   0.00337619  -0.00605989
      2.33859     -4.81570  -0.00621343  -0.00650167
     -14.6361     -8.05047  -0.00537205   0.00250912
      8.23932      5.44753  -0.00791168  -0.00185728
      4.90871      7.81492   0.00546837   0.00652218
     0.745837     -2.01894   0.00777924  0.000961065
      2.29877      24.2061  -0.00737286  -0.00674248
     -6.44218      3.70830   0.00249624   0.00609827
     -3.79999     -4.06577  -0.00817323   0.00324154
      11.4337    -0.218758  -0.00279999   0.00667606
    -0.625936      2.30466  -0.00509113  -0.00589967
     -5.88691      3.56938  -0.00626707   0.00240135
      1.84471     -1.10076   0.00725853   0.00496662
      4.66003     -3.61469   0.00611401  -0.00384521
    -0.497306      1.11311  9.82583e-05  -0.00521195
     -4.18793      2.15971   0.00790501  -0.00605893
     -2.86689      3.00099  -0.00675201 -7.70092e-05
     0.793601      4.56390   0.00815636   0.00224686
     -5.40496      3.07444   0.00402308  -0.00370169
      5.23999      3.71236  -0.00787210   0.00613379
    -0.420226      1.45546   0.00340161  -0.00155926
      11.6093      10.0916   0.00451660  -0.00454044
     -10.6128     -5.00915  -0.00464630  0.000454903
     0.477820     0.211474 -0.000967354  -0.00670902
    -0.796303      5.45933  -0.00817090  -0.00143814
     -7.56954      5.49694  -0.00296783 -0.000112057
     0.795900   -0.0785426   0.00817740   0.00389656
     0.663331      8.26805   0.00621724  -0.00628281
     -3.89489      4.31414  -0.00611496  -0.00570488
      1.96715     -3.28952   0.00200760   0.00613666
      2.34916     -2.85650  -0.00587893  -0.00579286
     -2.96627      6.10361  -0.00204873  -0.00502968
     -6.52984      15.5273  -0.00126982  0.000949860
     -3.24941      3.65607   0.00783086   0.00495362
      6.73118    -0.805990   0.00760841  -0.00666308
     -6.49893     -5.43687  5.86510e-05   0.00220823
     -7.74860      4.69598  -0.00777674   0.00591850
      9.77059     -11.0339   0.00799751   0.00170612
     -4.52962      4.74667  -0.00123358   0.00640821
     -6.66327     0.565336  -0.00622511   0.00227565
    -0.245975     0.365303   0.00781539  -0.00439420
     -5.38024      4.73357   0.00488997   0.00631523
      3.67561     -1.00845   0.00661564  0.000439048
      11.2742     -13.1646  -0.00756454   0.00614452
     -2.56060     0.910657  -0.00257301   0.00440538
     0.189379      1.00364  -0.00797538 -0.000196338
      4.56196    -0.783981   0.00261259  -0.00671405
     -5.15963      7.23545   0.00731325  -0.00653982
      5.00194      2.93429 -0.000101566   0.00325727
     -4.25026      3.90625   0.00782585   0.00463843
     -6.01689     -6.67708   0.00100756  -0.00547934
     0.845629    -0.112523   0.00724560   0.00520745
      6.18296     -8.22795  -0.00780773   0.00658989
     -10.3448      10.9851   0.00599861  0.000761032
      5.53775     -3.43932   0.00161457   0.00212622
      2.69142      1.21264   0.00704336  -0.00670040
      1.94547     -1.19329   0.00329578   0.00666320
     0.115095     0.890521  -0.00630780   0.00510126
    -0.455812      1.00709   0.00187868 -0.000357985
      11.7371     0.883821   0.00771141   0.00527805
     -5.37179     -1.69428   0.00510931  -0.00588691
     0.955144      4.15080   0.00267303  -0.00591183
      10.2248      1.06211  -0.00804806  -0.00310850
    -0.348230  -0.00958007   0.00588390  0.000501092
     -3.11616      4.82100   0.00637484   0.00642014
     0.327962      1.02323  -0.00651985  -0.00116920
     -9.06974     -2.41611   0.00418758   0.00293088
     0.291176      1.44099  -0.00743088  -0.00208819
      5.47851     -3.40608 -0.000898838   0.00326419
      13.6033     0.780649   0.00437164   0.00664324
     -17.4930     -12.7584  0.000267029  -0.00654316
    0.0565086      3.39307  -0.00341567  -0.00368428
      9.41408     -12.0950  -0.00362301   0.00468731
     0.924136     -1.24179   0.00456005   0.00651598
      1.58339     -4.69976   0.00353026  -0.00602436
     -20.2980     -10.0354   0.00734901   0.00177288
     0.205573    -0.841259  -0.00818482  -0.00607657
     0.825723      12.0553   0.00763625  -0.00274658
      3.05840      3.65524  -0.00347304   0.00492287
    -0.216857      1.58347   0.00808616   0.00292826
      3.02393     0.687955  -0.00142860   0.00573236
    -0.715109      1.41937  -0.00748610  -0.00284076
     -10.9955      13.8637 -0.000248909   0.00564003
     -1.37542     -4.60559   0.00501108  -0.00361633
      7.80813      13.7267   0.00803947   0.00626755
     -6.95949     -11.0849  -0.00242710   0.00419044
     -7.96904     -14.1603  -0.00184488   0.00607491
   -0.0740926      8.81680   0.00445148   0.00648880
    -0.562662      1.14141  -0.00270694  -0.00574565
      10.6131    -0.638662   0.00464058  -0.00449580
     -11.0752     -8.08342   0.00449944   0.00413132
      13.6190      1.35422   0.00482368  -0.00467587
     -9.25751      11.1500   0.00772858  -0.00588799
     -1.50982      1.80970 -0.000383854   0.00659668
     -9.88444     -1.84815  -0.00635624  -0.00594449
      4.55311      2.53847   0.00227785   0.00134444
      10.7401      3.36322   0.00768471  -0.00445819
    0.0476148    -0.396549  -0.00284556   0.00355840
      1.10522   0.00752337  -0.00608647 -0.000389886
      7.10052     0.332274  -0.00598717  -0.00526249
      3.54970     -19.5722   0.00211477  -0.00254059
     -4.13320     -3.42820   0.00676441   0.00252724
      9.73189     -3.54866   0.00763321  -0.00169683
     0.686424     -7.69649   0.00690490  -0.00593758
     -3.62970     0.569879  -0.00518346   0.00243211
     -2.30709     -1.14901   0.00714302   0.00589359
      5.57876     -7.01053   0.00335979  0.000506878
     -5.10490     -1.24760   0.00610113   0.00647593
     0.926999     0.889089   0.00438184   0.00516748
     0.128365     -1.12904  -0.00662300   0.00549173
     -3.85254     -3.29092  -0.00703406   0.00609756
      5.85858    -0.441407   0.00694323   0.00206092
     0.738390     0.282147   0.00768107  -0.00616887
      9.22795      16.0977  -0.00802326  -0.00485229
      6.13957    -0.169623  -0.00687265   0.00623178
     -2.55935      3.96135  -0.00253677   0.00192428
      7.07096     -8.17753  -0.00421476   0.00637341
      6.28344      7.91944  -0.00748158   0.00396538
    -0.117382    -0.156799   0.00640495   0.00602710
    -0.598250     -1.74677  -0.00419778  -0.00641453
      6.30453     -5.64462  -0.00721979  -0.00465918
     -3.97863      1.96353  -0.00128508   0.00182307
      4.32531      4.29926  -0.00661373  -0.00604010
      11.1426     -3.72489  -0.00698948  -0.00625062
     -2.23276      4.85697   0.00798321   0.00578117
     -3.02389     -5.45508   0.00145602   0.00157166
    -0.363446      1.82658   0.00542864   0.00631404
    -0.538296     -10.1223  -0.00162143   0.00537205
      2.45949     -8.09598  -0.00172973   0.00473022
    -0.351791      1.27548   0.00575173  -0.00622618
      1.76674     0.509640   0.00795197  0.000346541
     -10.8021      11.2760  -0.00817585  -0.00624561
      3.21414     -6.85327  -0.00812936  -0.00584888
     0.240825    -0.477328  -0.00789951  0.000780821
     -9.38938     -5.84987   0.00455189  -0.00591516
     -1.20344     -8.60686   0.00815558  -0.00365543
      1.51450     -6.51841  0.000614166 -0.000647068
     -1.42528      1.67587   0.00320399   0.00542533
     -3.54698      10.4976  -0.00200438 -8.96454e-05
  -0.00934253     -1.99682  0.000568721 -0.000163317
      7.00196      4.95786 -0.000129223   0.00210428
      2.71243     -2.67873   0.00742292  -0.00550938
      2.25370      6.04626  -0.00779891  -0.00231981
     -2.41641      5.29654   0.00353980  -0.00604773
     -10.1096     -1.79298   0.00615978  -0.00673139
     -25.4487     -8.44885   0.00220680   0.00179672
     -4.21211      4.70083   0.00813150   0.00605488
     -14.2439      7.95444   0.00787258   0.00227976
   -0.0566028    -0.287859   0.00341069   0.00615144
      2.24849      1.29842  -0.00785565  -0.00605917
     -1.89883     0.642783  -0.00595570   0.00459415
     0.482216    -0.638954 -0.000771105  -0.00450927
    0.0346534     0.162814  -0.00211402  -0.00612870
     -2.23528    -0.576533   0.00794244  -0.00267494
     0.534084      1.62893   0.00146919   0.00423563
     -6.44908      14.2678   0.00214672  -0.00629425
     -3.85921     -5.14733  -0.00690866   0.00583220
      1.86901      3.55268   0.00670338   0.00185728
    0.0934000   -0.0470416  -0.00555513   0.00233340
    -0.474995    -0.473605   0.00107267  0.000917822
     0.458891    -0.330701  -0.00173783   0.00529158
      2.90971     -2.42366   0.00539160   0.00267005
     0.178590     -1.87994  -0.00776808  -0.00536096
      8.58491      3.28229   0.00358772  -0.00617123
     -4.07673    -0.585300   0.00457001  -0.00298750
     -1.93617      2.16128  -0.00384963  -0.00610685
      3.85684     -3.77284   0.00694180  -0.00662136
      11.0678     -4.67349  -0.00408363  -0.00540113
     -1.70821     -1.13394  -0.00739813   0.00559449
     0.333631     0.867684  -0.00631511   0.00556087
      11.3579      3.95959  -0.00556850   0.00200629
      7.68848      5.06397   0.00698185  -0.00316811
      3.89572     -3.75616   0.00603247  -0.00649428
     -1.44463      3.06952   0.00235355  -0.00347567
     -2.45526     -1.78859   0.00187945  -0.00669479
     -2.56244      3.98484  -0.00266576  0.000760078
      8.88195      5.30081   0.00637245  -0.00600052
      5.37962     0.686775  -0.00485373   0.00574481
     -4.09344     0.666748   0.00559425   0.00521863
     0.170847     -3.37720  -0.00755545   0.00406075
    0.0585733     -1.67243  -0.00353486  -0.00536215
      1.55269    0.0419915   0.00224662  -0.00208973
     -2.58599      2.67849  -0.00363588   0.00550389
     -3.59167     -2.16041  -0.00386572   0.00608134
      2.39178      2.59475  -0.00448847   0.00329328
      11.7243     -3.88254   0.00755310  -0.00527978
     -2.35205     -2.98567   0.00576520 -0.000718832
     -10.8139     -8.77742  -0.00792980  -0.00664806
     -3.19623     -2.25281   0.00813341   0.00642657
     -8.70180    -0.488454  -0.00734901  0.000386626
      10.5492     0.822796   0.00212288   0.00634331
      1.42243     -2.43215  -0.00330079   0.00236011
      1.51753      3.06466  0.000736356  -0.00321746
     0.555995     0.238124   0.00236213  -0.00654937
     -1.15985     -1.39702   0.00735068   0.00357473
      7.25659     -22.6936  -0.00778246  -0.00587845
     0.466675    -0.782227  -0.00143465  -0.00662190
    -0.705606     -1.49637  -0.00739110  0.000108600
      5.02423     -2.17620  -0.00144625   0.00635028
     0.669507      17.1086   0.00641203  -0.00511169
      3.33820      2.98981  -0.00619459  0.000512838
     -2.53495     0.179375  -0.00151491  -0.00641616
     0.737757      2.71779   0.00772643   0.00618935
      3.90400     -10.5164   0.00570989 -0.000559807
      4.03491     -3.34073  -0.00208569   0.00502515
      1.40318    -0.407236  -0.00409460   0.00324458
      5.30414     -10.8124  -0.00723886  -0.00656891
     -4.24414     -6.17937   0.00788355   0.00642252
      1.58133     -1.47499   0.00347030  0.000870466
     -7.50515     -8.03751 -0.000217438   0.00186348
      5.34464     -4.68514  -0.00601339  -0.00567102
     0.697462      1.70012   0.00727260   0.00604331
     -2.69412     -4.83411  -0.00719023  -0.00617981
     -22.1748     -17.3757   0.00766945   0.00413132
    -0.653655      2.54480  -0.00593710   0.00155568
      4.03552     -1.99065  -0.00214481 -0.000471711
      2.63662      1.19365   0.00538158  -0.00665677
      4.28663      4.86983  -0.00744486   0.00551701
    -0.421116      1.79593   0.00339139   0.00674641
     -6.18882      1.86273   0.00797749   0.00567245
     -19.4140      16.0954   0.00364494  -0.00471878
      1.40030     -11.8569  -0.00425327  -0.00578499
     -8.98333      9.40590  -0.00102520  -0.00330544
    -0.981403      3.27592  -0.00115657  -0.00624037
      1.81827   -0.0986532   0.00782347   0.00488797
     -2.80735      6.45577  -0.00804472  -0.00156307
     -4.15925     -9.33208   0.00734854   0.00525475
     0.891335      7.86069   0.00619489   0.00571060
      2.64222      13.9672   0.00559068   0.00164795
      4.16250      8.00338  -0.00740671 -0.000185013
      3.16510     0.800059  -0.00743461   0.00676459
     -15.9885      3.64759 -0.000681877   0.00472140
     -1.43507     -5.34168   0.00280011   0.00499678
    -0.100524     0.569867   0.00598017   0.00245970
      3.22512      3.53345  -0.00802064   0.00115037
    0.0657825     0.476557  -0.00393859 -0.000825673
     -2.44828     -2.67162   0.00219393  -0.00533676
      1.29116     -1.72280  -0.00744283  -0.00622070
     -5.25639      1.41302   0.00772142  -0.00304759
      1.47479      2.14966  -0.00109529  -0.00587368
      3.41485     -8.28157  -0.00359797   0.00620937
      2.91564     -1.70682   0.00500250  -0.00608575
      4.78563      3.32668   0.00807476  -0.00537133
    -0.744547     -21.7562  -0.00780290  -0.00649643
     -1.06148    -0.483956   0.00367677  0.000557512
     -2.41707     -1.00591   0.00352669  0.000274539
      4.34245      2.01731  -0.00607443 -0.000872374
      2.10046     -5.95024  -0.00597334  -0.00249195
     0.575953    -0.300464   0.00326341   0.00599995
      4.44628     0.211772  -0.00231266  -0.00670952
      3.69552     -3.01740   0.00719714  0.000889778
     -7.50946     -1.30503 -0.000370979   0.00596178
      8.50011      4.91308  2.19345e-05   0.00429678
      1.61306     0.477544   0.00464928 -0.000775844
     -6.84735     -4.49893  -0.00719166  1.71661e-05
     -1.83900     -1.62591  -0.00738871  -0.00418293
     -5.32251     -1.76011   0.00664091  -0.00650942
      5.75636      6.21000   0.00784683  -0.00670481
    -0.394530     0.239669   0.00439304  -0.00651468
      16.5914      6.19658   0.00386429  -0.00670385
     0.778242      2.13182   0.00804359  -0.00574446
      4.71241     -2.91204   0.00743580  -0.00433993
      2.88030     -4.99900   0.00643945 -4.05312e-05
      5.25066      2.11892  -0.00783491  -0.00531650
     -1.14885    -0.784893   0.00706828  -0.00668693
     0.876663      2.75534   0.00654662   0.00649714
     -1.78587      1.49289  -0.00810254 -0.000263214
      4.82006     -2.23257   0.00778961   0.00658631
     -9.21288      11.0237   0.00810909  -0.00118256
     -4.97336     -10.8184  -0.00163555  -0.00646114
    -0.381177    -0.347613   0.00486469   0.00485492
    0.0550025     -5.61057  -0.00331337  -0.00378180
     -3.88728     -2.25075  -0.00624609   0.00642276
     -2.42861     -3.03127   0.00306058   0.00156093
    0.0636192     0.502288  -0.00380475  6.97374e-05
      9.99448     -5.64950  0.000321388  -0.00477791
     0.109097     -2.06532  -0.00616916   0.00322962
     0.156249      1.51868  -0.00726256  0.000633478
     -7.68684      2.98820  -0.00694227  0.000582218
     -6.88478     -2.16286  -0.00630617   0.00611734
    -0.246612      3.81324   0.00787312   0.00655079
      6.36050    -0.401555  -0.00547791   0.00342241
     0.502426      8.37789  8.42214e-05  -0.00406361
     0.280562     -3.34547  -0.00750604   0.00489259
    0.0148794     -7.31683 -0.000887109   0.00563002
      2.16557    -0.328140  -0.00743580   0.00534055
      8.03811      4.07153  -0.00231075  -0.00355577
     -11.1711      4.59158   0.00759697   0.00320482
     -6.14093     -3.19369   0.00694513   0.00667620
      2.01191      5.48799 -0.000728130 -0.000428200
    -0.605836    -0.535280  -0.00442415  -0.00124997
     -1.60976     -5.97481  -0.00455427  -0.00127649
     -4.79595      3.11138  -0.00819159  -0.00519061
      7.58199     -4.93180   0.00348282  -0.00338507
      5.42924      13.8656  -0.00299931   0.00560379
      2.24719      1.09531  -0.00786686  -0.00472724
      5.07149    -0.498832  -0.00426865  3.75509e-05
     0.336394    -0.877344  -0.00627822  -0.00539261
    -0.799869    -0.189120  -0.00817525   0.00657876
      6.17561      14.7651  -0.00764751   0.00654697
      1.17735     -5.72483  -0.00774205  -0.00625277
      8.08485    0.0781221  -0.00507832  -0.00388049
      4.26203     -7.21617  -0.00768232   0.00667906
     -8.55730     0.465956  -0.00245190  -0.00119573
      2.83093      2.83570   0.00755930   0.00616217
   -0.0480778     0.223293   0.00286605  -0.00663333
    -0.925726      2.88087  -0.00441909   0.00531340
      12.0745      10.8626  -0.00443077   0.00564575
      1.50203      8.26612  5.88894e-05  -0.00631332
     -3.84892     -12.0719  -0.00713229   0.00354958
     -3.42027      6.19444   0.00337267  -0.00669479
      3.26433      4.22279  -0.00771141  -0.00665331
      2.45047      1.37602  -0.00213218  -0.00411999
      6.54493      1.33184   0.00188112  -0.00530314
     -4.88513     -7.87930  -0.00634766  -0.00537491
      1.87606    -0.752052   0.00651026  -0.00644732
     -1.01075      5.16157  0.000645995  -0.00610304
     -14.2186      5.11915   0.00804329  -0.00532007
    -0.336092     -5.69821   0.00622788  -0.00599718
      5.71750      1.52189   0.00750113  0.000765562
     -6.98217   -0.0414422  -0.00107670   0.00205930
      2.25009      6.59816  -0.00780606   0.00340080
    -0.800354     -1.38056  -0.00817823   0.00397444
     -2.42600      3.67811   0.00317788   0.00550485
      1.54202     -4.65798   0.00176978  -0.00499535
     -2.17812      3.40920   0.00772142  -0.00316763
      1.40490     -3.69469  -0.00405908  -0.00588202
      2.61574      8.91684   0.00475407   0.00411510
    -0.929203    -0.694498  -0.00425333  -0.00591093
     -1.49193     -8.26182  0.000371337   0.00634480
     -3.19223     -4.83434   0.00799656  -0.00615835
      6.77704      4.50602   0.00803614  0.000219822
     0.294843      5.02585  -0.00739056  -0.00131083
     0.560581     -1.87361   0.00256723  -0.00547779
      2.55191     0.630275   0.00222182   0.00423110
     -4.61430     -2.68445  -0.00471926  -0.00565720
     0.397203      1.07429  -0.00434226  -0.00369215
    0.0168483   -0.0689587  -0.00100970   0.00340698
     0.396523   -0.0222441  -0.00434887   0.00111067
     -1.72909      5.00434  -0.00763333 -0.000231743
      12.7557     -12.5538   0.00784588  -0.00188732
     -5.99750     -7.66856 -0.000181198  -0.00527000
     0.936860      8.53526   0.00378305   0.00123692
     -4.38147      14.8474   0.00485659   0.00592613
      4.80171    -0.961470   0.00814199  -0.00192463
      4.53876     -2.10578   0.00167179   0.00506043
     -3.84093      12.3010  -0.00735092  -0.00602341
      2.02858      3.56425  -0.00171018   0.00224948
      2.43044     -2.59467  -0.00298524  -0.00330830
     -5.19988    0.0686939   0.00816584  -0.00340156
     -5.23153     0.441598   0.00794649  -0.00203082
     -1.64418      4.35239  -0.00566292  -0.00473833
    -0.181143    -0.318154   0.00781852   0.00560817
      5.61676     0.836903   0.00479603   0.00612956
     0.209367    -0.651213  -0.00815654  -0.00483871
    -0.630534    -0.963740  -0.00522351  -0.00180584
     -3.18024     -3.43024   0.00778031   0.00244904
      20.3428     0.939553  -0.00603676   0.00299001
     -1.12257     -4.11182   0.00652778   0.00519037
     -2.55880      2.15831  -0.00252891  -0.00613093
      6.94036     -7.15627   0.00359154   0.00601244
     -2.29681     -4.20593   0.00737977   0.00673962
    -0.903538     -3.49161  -0.00574857  0.000274181
     -6.10051     -7.68276   0.00593758  -0.00560951
      4.47414      10.5687  -0.00108767   0.00239944
      15.6868     0.217452   0.00691319  -0.00665958
      9.21832     0.943050  -0.00807095   0.00281179
      12.4453     -2.03812  -0.00233078   0.00189543
     0.660680    -0.278326   0.00617456   0.00620118
     0.439808    -0.456372  -0.00256768   0.00152314
      3.95690      1.27012   0.00256395  -0.00627565
      11.8789     -10.6807   0.00645065  -0.00555897
      7.35196     -2.73278  -0.00576639  -0.00630522
     0.270555     0.132986  -0.00764650  -0.00558317
      16.8651     -6.69931   0.00676537  -0.00599909
     -1.26071     -2.41710   0.00772071   0.00289607
      5.95255      1.75872   0.00287390   0.00651443
     -1.93229     -4.95288  -0.00406146  -0.00235224
      2.26018    -0.409250  -0.00771475   0.00315264
    -0.704854     -1.59072  -0.00739551  -0.00318086
     -2.28449      6.18650   0.00745130  -0.00652552
     -4.57462    -0.104279  -0.00316858   0.00502095
      2.51639     -5.68246  0.000670671  -0.00561523
      1.50591     -1.63692  0.000234127  -0.00445414
     -14.0637     -8.57374   0.00379658  -0.00258923
     -3.70315     -2.80042  -0.00737309  -0.00678229
      3.17787     -2.45246  -0.00772333   0.00165606
     -1.18083      5.33541   0.00776076  -0.00514936
     -13.1424     0.342661   0.00693893  -0.00496915
      2.74105     -9.61504   0.00770760  -0.00388432
    -0.146251      1.27722   0.00701481  -0.00621462
     -1.22250     -4.36966   0.00805438   0.00428724
      1.61571      8.04918   0.00472939  -0.00244904
     0.440911      1.00379  -0.00252578 -0.000199795
      5.35104     -9.92997  -0.00581121  -0.00348949
      9.28712      7.88990  -0.00744247   0.00512409
      3.19998      2.28309  -0.00821757  -0.00618815
     -1.34599     0.231213   0.00592232  -0.00657342
     0.344801      1.80575  -0.00596383   0.00665867
     -2.49455      1.63272  0.000242472   0.00433040
     -9.41902      11.5422   0.00344467   0.00146484
     -11.2148      2.55923   0.00808525   0.00209069
     -2.85001      4.31159  -0.00714922  -0.00577831
     -7.01444     0.300211  0.000871181  -0.00606778
   -0.0457454   -0.0516568   0.00276139   0.00256927
     -3.88829      4.73862  -0.00621533   0.00634527
    -0.288540   -0.0517906   0.00745818   0.00253525
      7.11183      2.86797  -0.00622225   0.00555682
      1.24812     -4.56684  -0.00784338  -0.00236225
     -9.33153      7.98151   0.00639439  0.000938892
      3.04907      6.89273  -0.00292587   0.00508308
      2.09486     -4.90421  -0.00566816  -0.00475883
    -0.733291      11.5325  -0.00766045   0.00112247
      1.93675     0.694921   0.00381577   0.00592315
     -1.76414    -0.979531  -0.00795519  -0.00104481
      3.85022      8.58162   0.00712705   0.00286865
     0.336152      2.59167  -0.00624904   0.00318098
      5.66392      11.7250   0.00627995   0.00625038
     -2.67410     -5.37880  -0.00655317   0.00401402
     -7.92428     -9.27971  -0.00449324   0.00619411
      2.76278     -4.31539   0.00794339   0.00566721
     -14.9237     -3.95636  -0.00456429  -0.00218272
    -0.568065     -2.31423  -0.00287306   0.00572801
      4.26301    -0.839765  -0.00772858  -0.00609022
    -0.170800     -3.37822   0.00759241   0.00406003
     0.125450     -9.20659  -0.00654589   0.00671768
    -0.889088     0.722576  -0.00620598   0.00619948
     -6.09503     -3.20180   0.00569057   0.00677991
     -4.96398     -5.74102  -0.00219250  -0.00637007
      6.99738      6.29878  0.000135899  -0.00604391
     -2.57127     -8.87531  -0.00305891  -0.00542545
   0.00473641   0.00212416 -0.000288472 -0.000110002
      3.23470     -8.43594  -0.00793958   0.00223446
    0.0152543    0.0349653 -0.000964424  -0.00175457
      11.9732      6.52425   0.00162220  0.000843048
     -8.97615      13.3311  -0.00146580  -0.00527954
    -0.329827     -1.99779   0.00644702 -0.000102401
      1.51216     -2.87417  0.000495315  -0.00545406
      1.37844     -2.66913  -0.00494576  -0.00529027
   -0.0187146      6.67695   0.00115172   0.00547504
    -0.249503     -1.27328   0.00783436   0.00627053
      1.44319    -0.305825  -0.00240564   0.00588304
    -0.335798      1.16570   0.00623831  -0.00617135
      7.06797     -7.32968  -0.00404596   0.00529575
    -0.514813      1.19894 -0.000658989  -0.00675094
     -6.35417    -0.580249   0.00567579  -0.00280470
     -9.22118     -2.52182   0.00804520 -0.000751019
     0.690814     0.192355   0.00703132  -0.00663234
      5.75967      7.02913   0.00788927  -0.00144815
      6.13527     -4.19050  -0.00677538   0.00659037
      1.28912     0.198077  -0.00747180  -0.00674689
     -6.04495     -7.66368   0.00266838  -0.00514174
      10.1987      14.8993  -0.00814724   0.00493908
     -2.21475      2.50504   0.00808811  0.000192642
     -7.06427     -7.45233   0.00386000   0.00167942
      4.03464     -2.10245  -0.00206661   0.00499129
     0.406961    -0.208788  -0.00393081   0.00671546
      11.9349     -17.3086   0.00390911   0.00582886
      12.8382     -3.42910   0.00739193   0.00249529
     -1.01375      3.76781  0.000870228   0.00657797
      5.95170      1.02621   0.00289774  -0.00130928
     0.747067     -4.34793   0.00780863   0.00485468
     -1.13008     -1.57647   0.00666749  -0.00267541
    0.0111020      1.26144 -0.000703113  -0.00634766
     -1.40881     -2.02164   0.00389194   0.00107074
      1.48061      6.20131 -0.000849009  -0.00676441
    -0.173727    0.0262896   0.00763518  -0.00131097
     0.340959     -1.91714  -0.00612727  -0.00412500
   -0.0216232    -0.186420   0.00135955   0.00654955
     -9.62285     -5.63330  -0.00498962  -0.00436115
     -4.29220      1.21437   0.00738430  -0.00667799
   0.00454788      2.86412 -0.000252530   0.00563431
      4.22535     -7.89983  -0.00803137  -0.00496960
      3.82021      2.94903   0.00777197   0.00254917
     -2.37024      1.40931   0.00517535  -0.00316358
     -1.68238      5.15667  -0.00684381  -0.00602674
     0.568512     -1.00874   0.00292230  0.000419378
      5.10283     -3.42874  -0.00601053   0.00248623
     -1.61631      4.40543  -0.00475633  -0.00328398
     0.903205     -1.57416   0.00575346  -0.00259161
     -2.53148     -17.0076  -0.00134349  0.000370026
      5.25600     -9.96471  -0.00777388  -0.00177956
      1.23278      1.34700  -0.00798833  -0.00488389
      4.64939      5.56706   0.00580978   0.00235081
      8.14811     -1.21511  -0.00706196   0.00667334
     -4.57536     -10.3345  -0.00319624   0.00519371
      1.01657      1.51770 -0.000994325  0.000613332
      1.30895     -5.26447  -0.00705040   0.00632191
     -3.94455     -1.72016  -0.00335884  -0.00620270
      5.42273      5.88652  -0.00327206   0.00523329
      1.03832     0.962991  -0.00230432   0.00184560
     -3.96243      3.45582  -0.00226402  -0.00155711
     0.402107    0.0494730  -0.00416520  -0.00247598
     -9.45966     -1.11103   0.00173950   0.00513494
      14.7516     -13.6992   0.00780296  -0.00598907
     -4.09521     -1.13331   0.00569725   0.00559723
    -0.264460    -0.555834   0.00766942  -0.00195086
    -0.597128      4.97539  -0.00411403   0.00125074
      3.57168     -5.22938   0.00308442   0.00655890
     0.178891    0.0703803  -0.00774840  -0.00350869
     -3.15789    -0.583214   0.00728250  -0.00290692
      1.65106     0.201478   0.00583041  -0.00676011
     -4.57340    -0.817462  -0.00315666  -0.00643623
     -12.3087    0.0691599   0.00706005  -0.00342499
     -1.37199    -0.579436   0.00511014  -0.00280839
      9.82014     -6.73583   0.00773144  -0.00632954
     -3.87655      3.38187  -0.00654078  -0.00397420
      2.18903      1.35939  -0.00798774  -0.00456107
      5.52979     -13.1568   0.00128412   0.00597095
     -2.76027     -1.93948  -0.00792289  -0.00302899
      13.6919    -0.284209   0.00711632   0.00617883
     -4.51995     -1.17953 -0.000819683   0.00641716
     -1.26912      3.88739   0.00764763   0.00520492
     0.328032      5.11071  -0.00652948  -0.00518179
     0.385452   0.00440855  -0.00469965 -0.000227639
      1.14337    0.0501417  -0.00699437  -0.00251139
      4.13741     -3.00395  -0.00684452  0.000184536
     -17.1540      9.09619   0.00718689  -0.00475883
     0.135210      1.20886  -0.00682290  -0.00674200
     -4.69092     0.784909  -0.00703478   0.00669426
     -16.1686     -13.9185   0.00751114  -0.00402927
    -0.552430     -1.96620  -0.00224185  -0.00168169
     0.352832     0.589789  -0.00572541   0.00314504
    0.0770275    -0.114116  -0.00457872   0.00521422
     -5.97222      2.49232  -0.00168467 -0.000266790
     -15.3330     -10.3914   0.00635719   0.00367451
    -0.152709   0.00718791   0.00718597 -0.000351974
     -1.00894      2.28376  0.000522017  -0.00616646
     -5.77881      17.1957  -0.00808573  -0.00670815
     -1.67258   -0.0916396  -0.00650954   0.00451192
      12.8755      6.36464   0.00653172  -0.00440073
     -3.17086     -6.35567   0.00759506   0.00464630
     -8.73000     0.525097  -0.00762272  0.000858426
     -9.82930     -11.9817  -0.00758076 -0.000938416
     0.253782    0.0927887  -0.00781810  -0.00463103
     -7.00212      3.11116  0.000102520  -0.00516152
     -7.19816      19.9342   0.00815868   0.00327301
      4.54223     -3.54362   0.00179338  -0.00154448
      5.38491     -6.05364  -0.00471163   0.00265646
      1.15545      1.50706  -0.00724232  0.000228882
     0.183328     0.241158  -0.00786692  -0.00652330
      4.76933     -3.86289   0.00795412  -0.00565672
      1.60978    -0.776582   0.00452089  -0.00662148
     -1.00866     -5.19178  0.000545025   0.00662661
      2.93174      7.92300   0.00410056   0.00381470
     -2.86340     -6.08258  -0.00681949   0.00407505
     -2.33304     0.761907   0.00638008   0.00653279
      5.20742     -1.71103  -0.00817060  -0.00613678
     0.688595      3.54474   0.00699985   0.00157499
      1.74368    -0.364315   0.00777328   0.00442138
     -2.48457      8.69516  0.000678301   0.00591755
      9.60718     -6.10212   0.00448990   0.00498581
      8.19288      10.5447  -0.00803280   0.00155067
     -2.00898     0.601061  0.000572443   0.00350702
     -2.46384     -3.81667   0.00151372  -0.00647664
    -0.519438     -1.67336 -0.000841260  -0.00538635
      2.60541     -5.57414   0.00439668  -0.00259304
     -2.74860     -10.6465  -0.00782347  -0.00470829
     0.198461      1.00057  -0.00816095 -4.79221e-05
    -0.815752      3.62266  -0.00784117   0.00406194
     -11.4248      9.83125   0.00323296   0.00622368
      1.49134      13.2716 -0.000391960  -0.00626755
     -1.22952      5.54320   0.00797963   0.00152397
     -1.79166     -3.53448  -0.00814378  -0.00122857
    -0.615821      1.73695  -0.00470829   0.00633931
     -5.57523     -4.54546  -0.00321150  -0.00159597
    -0.660449      2.39574  -0.00616217  -0.00361133
     -11.7972      7.68495  -0.00815105   0.00564766
     -14.0889     0.991105   0.00529766  0.000456393
      11.4135     0.683145  -0.00364876   0.00565171
    0.0876433    -0.289670  -0.00520010   0.00611612
     -11.6340     -22.2992  -0.00530243   0.00602722
      1.10315      2.02192  -0.00603807  -0.00111127
    0.0628957   -0.0189729  -0.00376026  0.000952287
    -0.711920    -0.627417  -0.00747037  -0.00422013
     -2.46708      7.65282   0.00142336   0.00485992
      1.33879    -0.202654  -0.00614452   0.00676189
    -0.103010    -0.515601   0.00602534 -0.000527680
      3.25548     -2.56817  -0.00777245  -0.00239801
      5.53582      6.39181   0.00151110  -0.00370312
     -10.1035     -3.97216   0.00603867  -0.00138330
     -3.42985      1.37312   0.00297403  -0.00424325
     -6.08503      7.68900   0.00508785   0.00576401
     0.883977     -1.47766   0.00635087  0.000790834
    0.0128676   -0.0505162 -0.000774974   0.00251209
     -4.60510    -0.967240  -0.00440121  -0.00163239
      9.69951     -7.81551   0.00728798  -0.00649309
      2.59016     -1.36158   0.00384212   0.00444925
    -0.107998      1.27637   0.00611518  -0.00623178
     -19.4772     -15.9663  0.000959396  -0.00173092
     -1.93811      9.01168  -0.00370693 -0.000599861
      8.56850      2.28575   0.00290203  -0.00614190
      1.91438     -5.09406   0.00512600   0.00466251
      2.02510      3.57960  -0.00148892   0.00278282
     -1.69966     -2.17591  -0.00732541   0.00634313
      4.96638     -13.5992   0.00200748  -0.00347137
      8.47182      2.15384  -0.00121880  -0.00592041
      5.87132      5.98105   0.00664997  0.000964165
      2.82018     -1.40855   0.00777960   0.00320137
     -4.14650     0.370332   0.00703192  -0.00425079
    -0.598786    -0.940568  -0.00419557  -0.00295913
     -3.30432      5.74919   0.00723243   0.00646353
     -4.68520     -4.32617  -0.00687551   0.00538445
      1.14790      3.08464  -0.00710225  -0.00421429
     0.285630     0.262292  -0.00750002  -0.00637141
    -0.418005      3.11810   0.00346968  -0.00530291
     -2.27638     -4.05582   0.00758004   0.00278187
     -5.30242      2.82842   0.00728083   0.00628257
      9.10054      7.29054  -0.00599098  -0.00612307
     -4.29023    -0.863494   0.00739527  -0.00563169
      5.21176      3.87693  -0.00810385   0.00538230
    -0.242782    0.0386774   0.00787282  -0.00192658
    0.0654134      2.33922  -0.00393576  -0.00507903
      5.72086      3.55120   0.00753641   0.00180745
     0.725258      3.89663   0.00759846   0.00502300
     -3.01138      1.04245  0.000681400  -0.00212097
     0.898039    -0.727265   0.00597608  -0.00625557
     0.313725    -0.253765  -0.00690922   0.00640488
    -0.166302      6.73711   0.00750402   0.00635433
     -3.90162    -0.686973  -0.00587654  -0.00572979
      6.94986     -6.17408   0.00303888   0.00632715
      2.78953      2.37862   0.00810623  -0.00403500
     -1.88350     -2.56402  -0.00637293  -0.00226498
      3.51431      2.47177  0.000601053 -0.000986814
      2.38386      5.84275  -0.00472832   0.00603962
    0.0916805      1.67552  -0.00543787   0.00542212
     -1.51008     -1.70568 -0.000453115  -0.00607681
      17.1281     -3.48888  -0.00662994  0.000371933
     0.394479     -2.22817  -0.00438780   0.00659990
      1.42956     -1.45479  -0.00300252   0.00157547
    -0.188258    0.0351117   0.00792913  -0.00174836
   -0.0134788   -0.0178586  0.000829234  0.000906039
     -3.13041     -1.40957   0.00669527   0.00316882
      3.00372     -7.98557 -0.000228167 -0.000724792
     -7.34045     -4.72063   0.00608540  -0.00620604
     -2.00450     -1.73511  0.000244856  -0.00632715
      5.40604     -2.68673  -0.00401449  -0.00571442
      5.75735     -6.11867   0.00790119   0.00531721
      8.41749      6.21146  -0.00354385  -0.00671244
    -0.208249     0.812472   0.00816061   0.00656646
     -2.07709     -16.2752   0.00462985   0.00625420
      5.71943      1.76338   0.00754261   0.00654888
      9.48037     -3.70672 -0.000850677  -0.00605297
     -10.5000     -1.21483  2.47955e-05   0.00668037
     -1.92895     -9.15328  -0.00422144   0.00594330
      3.19280      1.73400  -0.00801444   0.00630975
      6.35881      11.9983  -0.00555134  9.05991e-05
     -7.72779     -2.05905  -0.00759602   0.00291586
     0.801280     0.286835   0.00813031  -0.00612622
     -3.43732      6.02410   0.00267458  -0.00121450
     -9.46898      4.02580   0.00131035  -0.00130558
    -0.712378      4.00465  -0.00745535 -0.000242710
     -2.88926      1.63888  -0.00618815   0.00448871
      3.85380     -7.90210   0.00702715  -0.00484133
     -3.14924     0.295475   0.00708580  -0.00605381
      3.50781     0.455975  0.000323057  -0.00154495
     -5.43755     -5.23109   0.00270271   0.00656939
     -9.74288   0.00218265  -0.00775909 -0.000122718
