     0.523226   -0.0859263
   -0.0195163    0.0355604
     0.120928   -0.0312678
     0.166036   -0.0938654
     0.302113   -0.0762287
     0.171154  -0.00783569
     0.155749   -0.0249341
     0.161468    -0.100311
     0.146813  -0.00806689
     0.149115    0.0102744
    0.0628948     0.151591
     0.605742    -0.116921
     0.147175   -0.0638599
     0.149507   -0.0187182
    0.0302920     0.119548
   -0.0220791    0.0614376
   -0.0290046     0.269299
     0.150517  -0.00941944
     0.167479   -0.0780890
   -0.0214277    0.0442090
     0.414102    -0.115677
   -0.0194750     0.138639
     0.168907   -0.0662894
    0.0568628    0.0663476
     0.164617   -0.0540147
     0.144156    0.0126210
     0.170943   -0.0304123
     0.424008   -0.0767241
    0.0586604     0.112948
    0.0855176   0.00976932
  -0.00153708   0.00667930
     0.104829    0.0302491
     0.168857  -0.00677466
     0.134733  -0.00306916
    0.0252666    0.0865340
     0.150813   -0.0939623
     0.166802   -0.0725952
     0.479233    -0.105636
     0.165465   -0.0760800
   -0.0185566   0.00893712
     0.147786   -0.0734198
    0.0520306     0.106638
     0.165178   -0.0202026
    0.0870872     0.101456
   -0.0322180     0.132395
    0.0420823   0.00173235
     0.167500   -0.0155165
     0.152683    0.0182751
  -0.00659275    0.0210921
     0.167277   -0.0906036
    0.0335797    0.0361950
    0.0839336   -0.0405724
     0.585130    -0.112511
   -0.0252707    0.0909491
     0.350893   -0.0923706
     0.185917    -0.117433
     0.155907   -0.0188255
     0.538477    -0.103021
     0.490043   -0.0969484
     0.497708    -0.112180
     0.524257   -0.0857532
     0.159511   -0.0737952
     0.448266   -0.0848775
     0.162919   -0.0103410
    0.0684472    0.0855595
     0.153825   -0.0591573
    0.0821258   -0.0518790
     0.111757    0.0331903
     0.111104    0.0129046
     0.160779   -0.0600176
    0.0706621    0.0199413
     0.552551   -0.0971951
    0.0494498   -0.0553597
     0.197445    -0.117569
     0.161970   -0.0882403
     0.535982    -0.116766
     0.439342    -0.115731
    0.0129582   0.00542271
     0.106838   -0.0223615
     0.393539    -0.112495
   0.00820100    0.0359395
     0.100224   -0.0366328
    0.0937338     0.167905
     0.582842   -0.0921636
     0.152708    0.0176996
   -0.0118623     0.125145
    0.0153871    0.0927496
     0.161556   -0.0485847
     0.157500   -0.0404737
     0.145498  -0.00917029
    0.0530782   -0.0125141
     0.134814    -0.107697
     0.119882  -0.00596261
     0.494036    -0.115065
    0.0772850   -0.0308381
     0.162552   -0.0543135
     0.415619   -0.0911326
   -0.0253275    0.0826162
    0.0259991   -0.0542157
     0.641707    -0.102578
     0.156957 -0.000269890
     0.495164   -0.0865326
   0.00715216    0.0201878
     0.167951   -0.0903096
     0.418476    -0.114464
     0.103517    0.0827246
    0.0910066     0.202933
     0.523401    -0.117035
    0.0578238     0.165648
     0.318318   -0.0849564
     0.628588   -0.0942043
     0.297376    -0.109219
    0.0339432    0.0849600
     0.458044    -0.105410
    0.0975316     0.121726
     0.549287    -0.120202
    0.0979958    0.0223610
    0.0444975     0.150660
    0.0423648    0.0948596
   -0.0285260    0.0827066
     0.566394   -0.0978564
    0.0213445    0.0681066
   -0.0352064     0.158464
     0.353233   -0.0739202
     0.166870   -0.0858886
     0.119622    0.0306889
     0.152230   -0.0780065
     0.143879  -0.00340271
     0.150522    0.0235238
    0.0835745    0.0271439
    0.0719180    0.0894127
     0.151597   -0.0650866
     0.270485    -0.113536
    0.0975873     0.209234
    0.0390172   -0.0555883
    0.0823579     0.157228
     0.164613   -0.0554876
   -0.0131843    0.0908252
     0.314985    -0.117208
  -0.00884414     0.153998
   -0.0106160     0.119184
     0.330739    -0.107460
    0.0467433   -0.0484624
   -0.0130875   -0.0313759
     0.304730   -0.0835117
     0.156114   0.00966501
     0.130684    -0.116454
     -113.261     -172.347
     0.309226   -0.0878155
    0.0878040  -0.00554705
   0.00260855    0.0590102
     0.149142   -0.0453420
     0.160715   -0.0589428
  -0.00730109    0.0163136
    0.0595358  -0.00729698
     0.294007   -0.0902598
    0.0490437   -0.0488248
     0.403585    -0.111396
     0.163803   -0.0911055
     0.154245   -0.0976289
     0.259865   -0.0900914
     0.119839    0.0185592
     0.161827   -0.0476546
     0.172609   -0.0292895
     0.525656    -0.101158
    0.0115992  -0.00490332
  -0.00845718   0.00368518
    0.0154767     0.133694
    0.0993145  -0.00419998
     0.226009   -0.0915241
     0.287021    -0.106003
     0.114516    0.0441312
     0.634065   -0.0964875
    0.0190941    0.0680884
     0.325569   -0.0811891
     0.335972    -0.106598
    0.0623854    0.0522579
     0.169378   -0.0143636
  -0.00655008   -0.0293365
   -0.0109882    0.0227263
     0.166964   -0.0304733
     0.151304   -0.0293254
    0.0104618     0.160872
     0.199529    -0.115766
   -0.0287434     0.100435
     0.348079    -0.117628
     0.121796   0.00436181
     0.104242     0.182687
     0.157354   -0.0443711
   -0.0271082     0.130749
     0.108913   -0.0322344
   -0.0190943    0.0972023
     0.592959    -0.117956
 -0.000441074   -0.0199025
    0.0156584    0.0217445
    0.0909110     0.144133
    0.0636096   -0.0497675
     0.158360   -0.0438271
     0.108450    0.0599842
    0.0517497     0.162731
    0.0449386     0.184455
     0.301067   -0.0940084
    0.0256053    0.0354636
     0.157103   -0.0127822
     0.156976   0.00578260
  -0.00923944     0.112454
     0.167610   -0.0927372
     0.156283  -0.00131416
    0.0553384   0.00602579
     0.348083    -0.112128
     0.174206   -0.0150239
     0.618141    -0.114406
     0.345710   -0.0903697
   0.00157404   -0.0183758
    0.0341116   -0.0248792
     0.610086    -0.104094
     0.606268    -0.120941
     0.147420   -0.0127267
     0.514846   -0.0956560
    0.0952624     0.163245
     0.153553    0.0140693
     0.584558    -0.102836
    0.0943091   -0.0149493
     0.155369   -0.0888181
     0.307008   -0.0976706
    0.0628797   -0.0428863
   -0.0139937   -0.0132862
     0.682545    -0.111124
     0.166735   -0.0744200
    0.0523365     0.185939
     0.157005   -0.0637193
     0.101319   -0.0230896
     0.518478    -0.109685
     0.100224   -0.0415932
     0.367998    -0.109923
   -0.0300943     0.274832
     0.163541   -0.0285167
     0.571395    -0.120568
    0.0938120    0.0286305
     0.132107    -0.115740
     0.347564    -0.101470
     0.471124    -0.108127
  -0.00514109   0.00488710
    0.0448426    0.0565950
     0.220655    -0.113005
   -0.0100771    0.0280403
     0.322567    -0.108320
     0.175035   -0.0127835
    0.0487385   -0.0240104
     0.149445    0.0229517
     0.149232   -0.0275505
   -0.0251363    0.0503784
     0.145203   0.00944263
    0.0840616     0.237355
     0.151924   -0.0306835
     0.107221    0.0682665
    0.0962531    0.0225583
     0.607299   -0.0948787
    0.0975535    0.0424346
    0.0766449     0.200207
   -0.0345856     0.149157
     0.164902   -0.0900041
     0.150775    0.0129132
     0.310352    -0.108141
     0.599896    -0.100472
    0.0180968     0.169332
    0.0118771   0.00268704
   -0.0136652    0.0373356
     0.139533  -0.00797641
    0.0794015   -0.0115187
   -0.0316087     0.180689
     0.137253  -0.00774288
     0.158394   -0.0138438
     0.174123   -0.0132114
     0.588698    -0.110394
    0.0778773    0.0555261
    0.0127130    0.0778226
   -0.0143342    0.0109346
     0.110164     0.115476
  -0.00868961     0.111289
    0.0603625    0.0496407
    0.0145931  -0.00470448
     0.124007   -0.0114288
  -0.00692952   -0.0127380
     0.110458   -0.0366504
     0.154624   -0.0441034
     0.173893   -0.0206218
     0.150886   -0.0873121
    0.0679708    0.0152560
     0.148849   -0.0598731
    0.0848444     0.174723
   -0.0207577     0.143019
    0.0836779   -0.0374711
  -0.00436549     0.107868
   0.00132465     0.189737
    0.0502209   0.00103247
    0.0158387    0.0802488
    0.0813790     0.135762
     0.462367    -0.112890
     0.227727   -0.0950940
     0.605504    -0.117029
     0.168287   -0.0669229
     0.143109    -0.113262
     0.171418    -0.107342
   -0.0144501   -0.0232694
  -0.00447035     0.139460
    0.0534596    0.0618768
    0.0939517     0.207497
     0.159726   -0.0783324
     0.165575   -0.0618846
     0.551649    -0.104433
     0.136866    -0.104674
     0.119668  -0.00793582
    0.0415144   -0.0566977
    0.0152967   -0.0368285
    0.0129180    0.0476758
   0.00514206   0.00419185
    0.0313755    0.0269341
     0.151267   -0.0488251
     0.173082   -0.0115910
     0.166639   -0.0275764
     0.144195  -0.00922823
     0.144511   -0.0122705
   -0.0166060  -0.00743711
     0.116124   -0.0192966
     0.215828    -0.103616
     0.143372  -0.00197148
     0.347772   -0.0742054
     0.320856   -0.0836614
  -0.00626662  -0.00776982
    0.0109954    0.0332713
    0.0830543    0.0641435
     0.325875   -0.0930207
     0.128202    -0.115244
    0.0977919     0.128844
    0.0564539   -0.0229728
 -0.000640988  -0.00364357
    0.0665335    0.0596120
     0.241811   -0.0817473
   -0.0146085 -0.000532866
     0.142519   -0.0151867
     0.159700   -0.0811177
     0.155878   -0.0229621
    0.0549607    0.0104079
     0.257497   -0.0822368
     0.331625    -0.108985
     0.103135    0.0905619
     0.150184   -0.0895195
    0.0589452   -0.0468150
     0.433681    -0.117952
   -0.0193459    0.0265083
     0.564415   -0.0913929
     0.154065    0.0174254
  -0.00571078    0.0931929
     0.165341   -0.0828961
   -0.0115962    0.0857141
    0.0262256    0.0931712
    0.0606780   0.00987887
   0.00579762    0.0412985
     0.220862    -0.102455
    0.0632687     0.211334
   -0.0141153    0.0773621
    0.0595403   -0.0454137
     0.175264   -0.0229487
    0.0232130     0.137003
     0.150974    0.0203332
    0.0695553    0.0588923
     0.163746   -0.0603223
   -0.0122142     0.244052
     0.109272     0.144562
     0.147079   -0.0842133
     0.581947    -0.105561
     0.153148    0.0207483
     0.538682    -0.115605
     0.531163    -0.116580
    0.0545289    0.0149243
    0.0236011    0.0720432
   -0.0170942   -0.0176524
     0.550528   -0.0909858
     0.363388   -0.0931342
    0.0370849    0.0428483
   -0.0214988    0.0925462
   -0.0220456     0.102909
     0.161800   -0.0783620
 -1.00136e-05   -0.0184569
     0.167135   -0.0755520
     0.105496  -0.00816151
   -0.0197954     0.196653
    0.0175338    0.0400757
     0.122039    0.0133130
     0.156462  -0.00365663
    0.0906690    0.0745580
     0.332397    -0.113949
    0.0483775     0.132567
     0.300032   -0.0768106
     0.444748    -0.112943
    0.0224519   -0.0556780
     0.572895    -0.116246
     0.290249    -0.110884
    0.0186819   0.00209570
    0.0167167   -0.0386599
     0.139194    -0.105270
     0.576480    -0.108516
     0.393589    -0.111121
     0.164527   -0.0141428
     0.100381    0.0365310
    0.0745916     0.164504
     0.160733   -0.0525404
     0.175750   -0.0207698
   -0.0204816     0.115145
     0.142621   -0.0114062
     0.240546    -0.110636
    0.0281496    0.0252066
     0.165374   -0.0372314
     0.176678   -0.0189795
    0.0775833    0.0987000
     0.423956   -0.0930390
     0.147549   -0.0791636
   0.00533116    0.0652630
     0.166927   -0.0347877
     0.159131   -0.0174508
    0.0894394    0.0712287
     0.416806   -0.0893144
     0.159610   -0.0296145
    0.0216521    0.0632326
     0.153981    0.0154040
     0.150475   -0.0678392
     0.148711    0.0195856
    0.0970335    0.0527554
     0.419040    -0.117495
     0.107055     0.177183
     0.103970    0.0140549
     0.111405   0.00718322
   -0.0135940     0.157305
     0.595048    -0.119985
     0.111223    0.0837960
   -0.0171275    0.0566980
    0.0400591   -0.0198569
    0.0447955    0.0510880
     0.103436   -0.0106834
     0.170566   -0.0724649
     0.106845    0.0267611
    0.0532602    0.0681207
     0.153179   -0.0499123
   -0.0326872     0.207740
     0.117555    0.0579041
  -0.00820421   -0.0212913
     0.168683   -0.0136178
     0.117184   -0.0132217
    0.0376257     0.138453
  -0.00888014     0.207208
     0.482787    -0.113118
     0.171198   -0.0828666
    0.0113726     0.171160
    0.0939298     0.216934
     0.426290    -0.101622
   -0.0232552     0.275981
     0.400872   -0.0988558
     0.159644   -0.0821465
   0.00993007    0.0449704
     0.275371    -0.105437
     0.154469    0.0192900
    0.0953727     0.165325
     0.148431   -0.0121076
     0.586597   -0.0967360
    0.0745656    0.0748418
     0.541801   -0.0991373
    0.0222429     0.159045
     0.159920    -0.115764
     0.630854    -0.118923
   -0.0286249     0.144100
     0.344062    -0.116055
     0.412319    -0.108947
     0.149069   -0.0244775
     0.644343   -0.0994026
    0.0249071    0.0662384
    0.0902538   -0.0129037
     0.159861   -0.0879116
    0.0375595     0.142394
   -0.0211612     0.227018
     0.110437  -0.00772303
     0.630197    -0.100039
     0.548237    -0.121301
     0.171530   -0.0757580
   0.00414109    0.0488276
     0.558343    -0.118601
    0.0494256     0.128904
     0.614613    -0.103897
    0.0301489 -0.000111043
     0.157668   -0.0965430
     0.118044  -0.00458187
     0.478007    -0.110100
     0.151537   -0.0510578
     0.172983   -0.0217321
     0.192919    -0.108537
     0.528963    -0.114494
     0.165680   -0.0292315
     0.476499    -0.104404
   0.00603127   -0.0401468
   0.00585508    0.0737712
    0.0155797    0.0974634
     0.138834    -0.107845
    0.0185955  -0.00120163
     0.190495   -0.0900958
    0.0526457   0.00415075
     0.601456    -0.110582
     0.439635    -0.107105
     0.163760   -0.0392801
   0.00822675    0.0353088
     0.151111   -0.0603051
     0.104888    0.0289788
     0.397389    -0.110784
     0.160308   -0.0598575
     0.605183    -0.101065
  -0.00987864    0.0147388
     0.108186   -0.0372310
    0.0628401     0.130532
     0.102960   -0.0161783
     0.160607   -0.0103985
    0.0401285    0.0571109
     0.110093     0.139421
     0.353655   -0.0972505
     0.154295   0.00390792
     0.106380   -0.0439466
     0.352443   -0.0867916
    0.0673680   -0.0508604
     0.575813    -0.116482
     0.154790    0.0199553
     0.169104   -0.0764350
     0.162316   -0.0625645
   -0.0319575     0.151031
  -0.00251925  -0.00174427
     0.148778   -0.0479650
    0.0336470     0.159664
     0.148685   -0.0873902
   -0.0104495   -0.0222664
    0.0722086     0.138918
     0.158336   -0.0866815
     0.610252    -0.114677
     0.155922   0.00594211
     0.162151  -0.00596273
     0.406648   -0.0927688
  -0.00528824     0.126259
    0.0928869    0.0532798
   0.00857204    0.0203090
     0.159464   -0.0757258
     0.159019   -0.0199867
     0.488692    -0.114453
     0.105113   0.00112867
     0.598326    -0.115530
     0.151312   -0.0205293
   -0.0260845     0.128212
    0.0735930     0.112617
     0.172643   -0.0290586
     0.150144    -0.102599
  -0.00485504     0.128549
    0.0940202    0.0981447
   -0.0142244    0.0597650
   -0.0159234    0.0162046
     0.547762    -0.116665
     0.148394    0.0134323
     0.152842   -0.0878839
     0.105695   -0.0321746
     0.410819    -0.111749
     0.148570   -0.0770158
  -0.00415790    0.0678433
    0.0354486   -0.0263524
    0.0609727   -0.0457430
     0.157212   -0.0517569
   0.00248146    0.0226915
    0.0705681    0.0762784
    0.0191270    0.0504848
    0.0975810     0.158131
     0.505128    -0.118797
    0.0816430   -0.0345734
    0.0122682     0.101682
     0.246849    -0.108274
  -0.00948139     0.187281
    0.0963783    0.0583134
     0.365676   -0.0938079
     0.124586  -0.00623131
    0.0898662     0.129572
     0.114569  -0.00965247
   -0.0265622     0.127478
     0.546374    -0.119341
    0.0819892    0.0994849
     0.277215    -0.115726
     0.153909    0.0189475
     0.175942   -0.0246001
    0.0797224  -0.00695896
     0.539778   -0.0946734
     0.138599  -0.00315917
    0.0876558    0.0848607
     0.363503    -0.113342
    0.0395098     0.187678
     0.390052    -0.114434
     0.328968    -0.108367
     0.148019   -0.0820304
   -0.0279257     0.263586
    0.0966871     0.149786
     0.158620 -8.46386e-05
   -0.0331421     0.160502
     0.399885    -0.108714
   0.00213286     0.136703
     0.153900   -0.0904233
     0.163610   -0.0172900
     0.542550   -0.0936813
    0.0325220    0.0441246
    0.0730851   -0.0218045
     0.555620    -0.107834
     0.107514    0.0678326
   -0.0158545     0.131947
   -0.0258423     0.103462
   0.00895023    0.0559957
    0.0545737   -0.0168562
    0.0169615    0.0212744
     0.626471    -0.102476
     0.226889    -0.117003
    0.0894108   -0.0331570
     0.356468    -0.108734
     0.147393   -0.0767517
     0.474841   -0.0953919
     0.157251    -0.109251
     0.601341    -0.121683
     0.154330   -0.0107217
     0.151232   -0.0890150
    0.0107584    0.0714397
    0.0537686   0.00411034
     0.153936   -0.0368122
 -0.000197411   -0.0163753
     0.151160   0.00188243
    0.0772269    0.0727270
   -0.0252509     0.174560
     0.394623    -0.112733
    0.0217813    0.0239420
     0.413365    -0.106966
     0.167440  -0.00991654
   0.00485164   -0.0120623
     0.549669    -0.102142
    0.0851357    0.0315346
     0.101415   -0.0391016
   -0.0212902     0.152146
     0.250069    -0.113724
  -0.00967455   0.00390577
     0.514291    -0.105671
    0.0958163    0.0845344
    0.0828394   -0.0123794
     0.101614    0.0436336
    0.0519280    0.0613256
     0.149615    0.0134835
     0.131241   -0.0122622
     0.164394   -0.0427910
     0.114146    0.0560176
   0.00250649    0.0614190
     0.552076    -0.121392
     0.173663   -0.0239148
    0.0622520    0.0211291
    0.0879292     0.201659
     0.146961    0.0118186
    0.0593767     0.126449
     0.150383   -0.0122195
  -0.00294909     0.116881
     0.158628   -0.0492285
    0.0264060    0.0158265
     0.157858   -0.0172284
     0.171359   -0.0186033
    0.0783519     0.213513
     0.561466    -0.118432
    0.0416252   -0.0282829
    0.0531178   -0.0501039
     0.150821   -0.0589057
    0.0926182     0.170861
     0.474585   -0.0872364
     0.192882    -0.108714
     0.444324   -0.0821061
     0.223650   -0.0901223
   -0.0206926     0.166356
     0.153722   -0.0112073
     0.150877    0.0216842
     0.138964  -0.00388563
    0.0809715     0.102250
    0.0765636   0.00646901
     0.161754   -0.0105649
     0.623902    -0.102842
    0.0246359   -0.0154288
    0.0100393    0.0958331
     0.168739   -0.0914198
    0.0273871    0.0772057
    0.0126603    0.0437327
    0.0387545   -0.0213585
   -0.0173356     0.270388
     0.175522   -0.0269101
     0.170730   -0.0136263
     0.303182    -0.101302
     0.284482   -0.0930794
     0.455524    -0.105374
    0.0915615    0.0808327
     0.166987   -0.0964628
     0.164287   -0.0175354
     0.163677   -0.0229268
     0.153959   -0.0983701
     0.593956    -0.108563
     0.151922   -0.0990334
    0.0597614   0.00638843
     0.147642   0.00419319
    0.0540658    0.0998793
     0.155115    0.0119072
     0.172837   -0.0847390
    0.0119097    0.0393946
     0.150003   0.00715035
    0.0758681     0.221695
     0.160375   -0.0102696
     0.320220   -0.0930404
     0.258974    -0.114751
     0.105417    0.0187221
     0.158049   -0.0594279
   -0.0196245    0.0333521
     0.168597   -0.0162053
     0.163735   -0.0895381
     0.163315   -0.0501670
    0.0959267  -0.00893903
     0.143240   -0.0156186
    0.0649754    0.0172278
   -0.0152140    0.0250776
  -0.00949392    0.0278330
    0.0722003   -0.0386401
    0.0136553    0.0876287
     0.161318   -0.0393255
    0.0503913     0.152236
   0.00344396     0.130275
    0.0691135     0.169147
    0.0787722    0.0136706
     0.149409   -0.0954268
     0.174211   -0.0277324
     0.172714    -0.103375
    0.0447752   -0.0301895
     0.422494   -0.0901591
    0.0949067    0.0575891
    0.0180831     0.115882
     0.352869    -0.100841
    0.0641785    0.0262085
     0.134296  -0.00457072
     0.110469     0.132097
    0.0982604    0.0199578
     0.148997    -0.107204
     0.161814   -0.0106468
     0.511997   -0.0849866
     0.162978  -0.00504160
     0.177187   -0.0258888
    0.0672108     0.127482
     0.165458   -0.0828363
     0.691984    -0.105852
     0.365040    -0.114144
    0.0976958     0.238965
     0.157769   -0.0613298
    0.0791152     0.221292
     0.158752   -0.0520926
    0.0347862   -0.0190157
    0.0937015     0.137402
     0.114053   -0.0110948
  -0.00254476    0.0195174
     0.568166    -0.100066
     0.212830    -0.117201
     0.612899    -0.118745
  -0.00839329     0.211921
    0.0808220   0.00633812
    0.0935671     0.127557
     0.109613     0.116261
     0.101997   0.00982738
     0.150584    0.0121019
     0.167113   -0.0741681
     0.166813   -0.0341164
     0.156174    0.0122228
     0.173011   -0.0229981
     0.161468   -0.0479560
     0.288296    -0.112056
     0.165696   -0.0825295
     0.149667    0.0132938
     0.251705   -0.0879855
     0.290021   -0.0904785
     0.174973   -0.0205450
     0.105013    0.0175991
   -0.0103397   -0.0124829
     0.403381   -0.0957923
     0.170157   -0.0903120
     0.165596  -0.00992501
    0.0906568     0.112021
     0.174118   -0.0868985
     0.114180    0.0901294
  -0.00179601   -0.0279775
     0.133754    -0.115074
     0.167083   -0.0370426
    0.0775728    0.0519242
     0.610695   -0.0984113
     0.578815    -0.105226
     0.163798   -0.0146861
     0.179802    -0.103650
     0.140297   -0.0128587
     0.118413   -0.0312792
     0.113816    0.0480337
     0.380611    -0.115535
     0.148430   -0.0618465
     0.176112   -0.0111462
   -0.0150315    0.0612637
     0.176836  -0.00986099
     0.148893   -0.0444345
     0.445105    -0.115097
   -0.0102780   0.00410175
   0.00675111     0.100258
     0.150112   -0.0198536
   -0.0113831   -0.0305870
     0.662737    -0.110816
     0.580958    -0.114641
     0.204797    -0.115860
     0.287280    -0.103583
     0.103396     0.143084
   -0.0115845     0.106204
     0.156779   -0.0142503
     0.424922    -0.106051
     0.167984   -0.0806724
     0.615518    -0.121250
    0.0424061    0.0976768
     0.118107  -0.00878584
   0.00894105    0.0779248
     0.133364 -0.000768840
    0.0466042   0.00419790
     0.105919     0.128272
     0.176779   -0.0129604
     0.177961   -0.0187985
     0.140831   -0.0127080
     0.168386  -0.00946617
   0.00101453  -0.00725329
     0.590230    -0.104522
   -0.0128387    0.0660526
     0.100245    0.0626510
    0.0271485   -0.0397174
    0.0561888    0.0656176
    0.0105675    0.0455708
     0.114040    0.0864533
   -0.0159566    0.0434453
     0.151872   -0.0453479
    0.0997829    0.0917020
  -0.00166707    0.0536571
    0.0649033     0.125359
   -0.0163079    0.0532436
     0.153727   -0.0682116
     0.596413    -0.100583
     0.153774   -0.0887859
    0.0987851    0.0955157
   -0.0173144   -0.0159699
     0.159589   -0.0657357
     0.628924    -0.114465
    0.0271635   -0.0470786
    0.0203997   -0.0503097
     0.424210    -0.111669
     0.543453    -0.114671
    0.0852877     0.236478
   -0.0118628    0.0286379
     0.342142   -0.0838518
    0.0241133     0.111286
     0.144478  -0.00408930
    0.0729952     0.228603
 -0.000299096   -0.0121552
   -0.0211527    0.0356176
     0.149555   -0.0423506
   -0.0161208     0.248987
     0.152682   -0.0830270
    0.0160843     0.161263
    0.0487552    0.0426588
     0.305513   -0.0931587
     0.408024    -0.108105
    0.0625203   -0.0546950
  0.000831842    0.0737930
    0.0530863   -0.0200990
     0.107617  -0.00826597
  -0.00980234     0.124518
     0.158940   -0.0427856
     0.250059   -0.0781502
     0.110594     0.120774
     0.151074   0.00788133
     0.344266    -0.111765
     0.175574   -0.0234523
    0.0816894   0.00888276
     0.169547   -0.0737244
    0.0757579    0.0382810
     0.166274   -0.0817852
   -0.0285070     0.143508
   -0.0255146    0.0545368
     0.325636   -0.0962636
     0.148451   -0.0938394
    0.0296950     0.144440
     0.159036   -0.0563772
     0.150537   -0.0113888
     0.153529   -0.0172656
     0.148341    0.0168104
     0.388136    -0.119012
    0.0135907     0.142700
     0.148566   -0.0665824
    0.0587730     0.106933
     0.156442    0.0226778
     0.145414   -0.0179946
     0.412481    -0.105370
    0.0198761   -0.0469902
     0.231284    -0.114416
    0.0229187     0.115423
     0.157809   -0.0576014
     0.145595  -0.00164890
    0.0293322    0.0582266
    0.0813668   -0.0287052
    0.0636902    0.0526559
    0.0702340    0.0548315
    0.0921216   -0.0497290
  -0.00534165   -0.0208124
   -0.0301650     0.140134
     0.139965    -0.109408
     0.255783   -0.0889699
     0.513169    -0.100100
    0.0783606  0.000985146
    0.0667526     0.200585
     0.163376   -0.0577364
     0.157607   -0.0836333
     0.367037    -0.114255
     0.107428    0.0608761
    0.0830257     0.104219
     0.536534    -0.102916
     0.159766   -0.0563447
     0.144357  -0.00396365
    0.0694010    0.0499539
     0.152738   -0.0262430
     0.665650    -0.104415
    0.0842588  -0.00903711
     0.162798   -0.0614083
     0.553714    -0.117074
    0.0401030     0.127049
     0.228380   -0.0895061
     0.178184   -0.0210665
     0.307286    -0.114063
    0.0979420  0.000909984
    0.0607244    0.0683062
    0.0115418   -0.0110025
     0.492151    -0.101840
    0.0205914   -0.0109457
    0.0677732     0.173823
     0.147369   -0.0798210
   -0.0225337     0.139199
     0.344037    -0.117253
    0.0292509    0.0744624
   -0.0242823     0.263692
    0.0326622   -0.0462806
    0.0404167  -0.00118828
  -0.00481243    0.0505424
  -0.00200367    0.0656037
    0.0310206     0.155453
   -0.0100251   -0.0133896
    0.0328417    0.0595553
    0.0833246     0.227581
     0.120708   0.00355718
     0.542074   -0.0995244
   0.00611793    0.0969413
     0.159421   -0.0514601
     0.268567   -0.0867925
    0.0112801    0.0292194
     0.151510  -0.00155115
    0.0150479   -0.0185591
     0.149310    0.0224117
   0.00862354     0.110647
    0.0685873   -0.0521119
     0.106227   -0.0434177
     0.167866   -0.0656046
     0.156941  7.15256e-05
     0.150010   -0.0596523
     0.172324   -0.0125885
     0.175903   -0.0184624
     0.157846   -0.0405837
     0.179924    -0.111778
     0.403884    -0.113157
     0.171388   -0.0142250
     0.152517   0.00419140
    0.0963573    0.0732241
     0.453787    -0.109334
  -0.00529349     0.158895
     0.115389    0.0598412
     0.173667  -0.00885159
    0.0811665   -0.0221782
     0.171217  -0.00803182
    0.0255748   -0.0291400
     0.248542    -0.102221
     0.324117   -0.0749059
     0.186906    -0.111561
     0.151886   -0.0273827
     0.103976    0.0249640
     0.156701   -0.0451072
     0.579612    -0.119274
     0.466798    -0.119074
    0.0136399    0.0363287
     0.164564   -0.0630015
    0.0555799    0.0431316
     0.160691  -0.00572538
   -0.0187048     0.126370
     0.161880    -0.111575
